0.057699 84
15.648825 1
0.105120 1
1.079372 1
0.142328 1
0.647441 1
0.139149 1
1.720813 1
0.275207 1
0.147256 1
0.215303 1
0.168153 1
3.184561 11
4.741474 126
5.983300 84
1.505064 11
0.000160 84
7.629114 30
0.685414 53
0.007762 185
0.001557 84
9.734337 32
2.037742 57
0.007662 59
0.000893 84
6.565647 29
0.945373 51
0.007628 57
0.001593 84
53.172213 1
0.097790 1
0.237325 1
0.135328 1
0.564437 1
0.096116 1
0.253140 1
0.192402 1
0.526627 1
0.426209 4
0.121730 4
0.516383 4
0.263069 4
0.338653 4
0.492703 1
0.082053 1
0.640198 1
0.091761 1
0.251456 1
0.242364 1
0.255731 1
1.264345 1
0.117320 1
0.145687 1
1.853351 11
0.852865 5
4.870065 2
0.701213 84
5.621785 32
0.511521 57
0.006104 57
0.000638 84
20.089861 1
0.147106 1
0.302379 1
0.117200 1
0.616904 1
0.118531 1
0.647423 16
0.668366 25
4.110332 23
2.893486 2
2.116237 84
3.580629 29
0.826600 51
0.010673 41
0.000035 104
0.002831 84
34.034158 20
0.566623 37
1.133339 4
0.509753 4
0.031187 4
0.029458 4
0.031254 4
0.030259 4
0.168324 4
0.830721 15
0.943245 23
5.070904 23
1.385513 84
4.022401 31
0.963059 147
0.007273 162
0.000786 84
10.839025 39
1.536612 71
0.007313 62
0.000998 84
16.391479 30
2.889081 4
0.509994 4
0.030266 4
0.030402 4
0.029958 4
0.031384 4
0.030312 4
0.030452 4
0.029115 4
0.041319 4
0.030521 4
0.029398 4
0.029185 4
0.031220 4
0.041760 4
0.030875 4
0.030141 4
0.029558 4
0.030525 4
0.037873 4
0.025868 4
0.030852 4
0.034431 4
0.026413 4
0.030731 4
0.030297 4
0.029376 4
0.030943 4
0.029982 4
0.030909 4
0.030850 1
0.028488 1
0.030962 1
0.029867 1
0.030796 1
0.029846 1
0.031858 1
0.028430 1
0.030608 1
0.032826 1
0.029397 1
0.030069 1
0.041409 1
0.032834 1
0.454974 1
0.171198 1
0.603929 1
0.146590 1
0.212557 17
