0.046551 84
36.505872 1
0.337300 1
1.705899 1
0.220291 1
0.485690 1
0.677610 11
0.000671 84
3.520184 41
1.256650 75
0.000330 26
0.000058 8
0.000029 76
4.392410 37
0.613018 67
0.001391 84
2.908414 25
3.891995 53
0.000084 84
4.330420 34
0.563315 61
0.000411 84
4.212938 34
0.515501 61
0.000451 84
8.496033 26
0.414508 45
0.000211 14
0.000034 8
0.000905 76
7.983493 26
0.546726 129
4.288952 17
0.725148 54
1.098505 25
0.000171 84
5.052439 17
0.476842 1
0.506045 1
0.030582 1
0.038757 1
0.032458 1
0.028185 1
0.151911 1
0.177694 1
0.182952 1
0.149429 1
0.434777 25
0.331911 11
0.000233 6
0.000319 84
165.585198 193
3.660674 236
0.000374 12
0.000152 21
0.000303 84
35.088428 105
0.931523 166
0.000331 84
8.641247 33
0.904590 59
0.000174 5
0.000742 84
8.368087 22
0.621984 138
0.000369 84
5.806657 11
0.000277 84
1.755044 21
0.584154 35
0.000020 84
6.551154 37
1.284033 153
0.000313 8
0.001278 76
4.214369 34
0.777960 61
0.000295 89
32.829722 25
0.817878 36
0.642925 18
0.387030 34
0.902703 39
1.150713 14
1.281549 18
0.392457 34
0.533735 39
0.454721 1
0.530357 1
0.030456 1
0.030524 1
0.034434 1
0.204429 1
1.414051 3
0.166467 15
0.197060 11
0.197936 3
0.200575 3
0.182824 3
0.164126 3
1.017912 7
0.441096 7
0.534601 3
0.835105 1
0.241588 1
0.224688 11
0.000069 84
4.185811 20
0.736291 33
0.000332 84
4.399126 21
0.471143 35
0.000252 84
3.554982 34
0.570135 61
0.000303 89
11.614470 1
0.321904 1
0.893952 1
0.104923 1
1.347697 1
0.390015 19
0.967142 31
0.000412 89
12.369206 15
1.734718 31
0.571155 18
0.387916 29
0.615502 1
0.392558 35
0.446830 18
0.330769 34
0.606901 1
0.284854 1
0.136685 1
0.148124 1
0.971504 9
0.071713 1
0.523323 1
0.031084 1
0.030755 1
0.029849 1
0.031336 1
0.029189 1
0.029716 1
0.030939 1
0.035800 1
0.131719 1
0.382030 5
0.264275 105
9.264572 21
0.739320 35
0.001223 84
3.488426 18
0.693581 29
0.000020 84
3.359899 31
0.459383 147
0.001465 84
3.157773 15
1.106007 23
0.000069 373
0.000185 84
9.105693 10
0.494739 13
0.304030 33
0.066923 84
77.185158 19
0.456297 22
0.000069 9
0.002000 150
13.259031 29
0.839521 47
0.272711 22
0.056242 84
9.227024 29
3.286382 37
0.515389 1
0.030837 1
0.039863 1
0.032794 1
0.028074 1
0.031896 1
0.031578 1
0.027672 1
0.034897 1
0.031014 1
0.172158 1
0.152316 1
0.132424 1
0.148018 1
0.577338 5
0.180379 1
0.162050 1
0.352817 11
0.274056 22
0.081407 84
1.012528 19
1.397212 1
0.427809 1
0.201074 1
0.151918 1
0.151958 1
0.144073 1
0.126206 1
0.123959 1
0.087862 1
0.161932 1
1.061942 5
0.223841 5
0.554750 3
0.504001 3
0.029639 3
0.030772 3
0.032777 3
0.028271 3
0.038835 3
0.192226 3
0.217567 3
0.166745 3
0.439139 4
0.272399 1
0.392188 28
5.756640 28
5.156088 27
0.944839 62
0.256409 29
0.048008 17
2.566895 15
0.800991 4
0.394277 1
0.364926 1
0.530627 1
0.031174 1
0.029813 1
0.029191 1
0.031386 1
0.030250 1
0.666242 3
0.248077 5
0.634202 5
0.430166 11
0.323006 30
0.073993 17
8.447744 11
0.398789 1
0.218604 1
0.143014 1
0.152281 1
0.151298 1
0.107182 1
0.144694 1
0.138043 1
0.152076 1
0.780450 3
0.329802 5
0.160000 5
0.453756 11
0.002331 32
14.496744 23
12.665258 165
1.590512 71
0.516603 1
0.030520 1
0.030534 1
0.030212 1
0.031501 1
0.029470 1
0.034243 1
0.028363 1
0.031893 1
0.030927 1
0.025231 1
0.030550 1
0.031944 1
0.029457 1
0.030424 1
0.028911 1
0.544658 4
0.505402 4
0.042664 4
0.029697 4
0.031699 4
0.030797 4
0.030310 4
0.042329 4
0.027119 4
0.032102 4
0.027860 4
0.030577 4
0.039938 4
0.025969 4
0.029680 4
0.031998 4
0.029721 4
0.030872 198
0.030281 4
0.029214 4
0.032596 4
0.030315 4
0.029775 4
0.038070 4
0.031582 4
0.031725 4
0.027489 4
0.030159 4
0.031172 4
0.029102 4
0.030931 4
0.029816 4
0.033489 4
0.027992 4
0.038323 4
0.029739 4
0.031000 4
0.030569 4
0.032652 4
0.028653 4
0.029279 4
0.031677 4
0.029135 4
0.031643 4
0.029852 4
0.035655 4
0.029981 4
0.029177 4
0.031634 4
0.029017 4
0.035206 4
0.026604 4
0.031040 4
0.029060 4
0.030917 4
0.030350 4
0.031142 4
0.029673 4
0.030309 4
0.030041 4
0.030150 4
0.029731 4
0.032321 4
0.032446 4
0.026116 4
0.031781 4
0.032791 4
0.037974 4
0.032442 4
0.028207 4
0.032333 4
0.029324 4
0.031905 4
0.027365 4
0.032711 4
0.029284 4
0.030014 4
0.028786 4
0.034499 4
0.031533 4
0.029135 4
0.029907 4
0.030163 111
0.030700 4
0.029516 4
0.151721 4
0.161721 4
0.110961 4
1.223076 4
0.986595 77
2.293953 162
1.350543 4
0.327920 6
0.383237 567
0.925523 3
0.333419 294
0.000310 10
2.380580 11
0.000331 10
4.346192 72
2.526303 216
1.077890 3
0.224299 1
0.450161 1
0.524062 1
0.029581 1
0.031006 1
0.030239 1
0.030407 1
0.029266 1
0.030578 1
0.030122 1
0.036891 1
0.031425 1
0.030962 1
0.028786 1
0.031541 1
0.028882 1
0.031588 1
0.030345 1
0.029542 1
0.030887 1
0.029638 1
0.029607 1
0.030987 1
0.029884 1
0.030148 1
0.030946 1
0.029475 1
0.031693 1
0.031291 1
0.032169 1
0.026405 1
0.031088 1
0.038878 1
0.028986 1
0.031595 1
0.029317 1
0.031685 1
0.029933 1
0.029662 1
0.030400 1
0.030169 1
0.031263 1
0.039694 1
0.026857 1
0.031303 1
0.030222 1
0.029971 1
0.031366 1
0.027721 1
0.030120 1
0.031173 1
0.029858 1
0.030417 1
0.029693 1
0.030397 1
0.030444 1
0.029678 1
0.031274 1
0.030391 1
0.030081 1
0.030476 1
0.030971 1
0.029568 1
0.029896 1
0.212791 1
0.579839 5
0.444305 5
0.304165 12
0.000108 8
0.000559 2
1.184802 11
0.000040 10
0.990546 148
1.221825 119
2.676629 11
0.001676 10
2.887055 161
0.806552 110
0.663104 38
0.459520 18
0.441410 14
0.340120 38
0.973848 11
0.000360 10
23.874613 175
0.756416 122
0.789195 38
0.802387 18
0.399536 26
1.683125 30
0.326640 14
13.146517 20
1.267264 23
0.746824 1
0.541513 4
0.519061 4
0.029183 4
0.029778 4
0.030830 4
0.030815 4
0.029955 4
0.030611 4
0.030025 4
0.032720 4
0.028382 4
0.031055 4
0.030337 4
0.029909 4
0.031470 4
0.029140 4
0.029682 4
0.032134 4
0.029166 4
0.029669 4
0.031029 4
0.041246 4
0.032164 4
0.028189 4
0.029432 1
0.031074 1
0.030821 1
0.028442 1
0.030832 1
0.030078 1
0.031903 1
0.039088 1
0.026230 1
0.737889 20
1.104433 29
0.000233 10
1.248707 1
0.119718 1
0.203146 21
1.225327 1
0.101817 1
0.266194 1
0.485652 1
0.172477 1
0.071165 11
0.000244 10
2.038829 30
0.000023 32
2.141995 203
0.865190 308
0.885321 34
0.454894 18
0.349465 22
0.430981 26
0.299375 19
0.343002 7
0.295264 13
0.273101 28
0.282924 3
0.408669 6
0.509778 28
0.031653 12
0.029963 10
0.030127 20
0.030328 22
0.029333 30
0.029951 14
0.029995 34
0.031492 202
0.030079 252
0.031868 1
0.028203 1
0.029580 1
0.029816 1
0.032350 1
0.030069 1
0.041548 1
0.031276 1
0.029224 1
0.033687 1
0.030975 1
0.036709 1
0.029435 1
0.210399 203
1.283124 4
0.515395 4
0.029838 4
0.030860 4
0.029534 4
0.031929 12
0.034845 4
0.029326 4
0.031316 39
0.032428 4
0.027670 4
0.030827 4
0.031164 4
0.032206 4
0.026710 4
0.034340 4
0.026877 4
0.031971 4
0.029421 4
0.031445 4
0.028658 39
0.030475 4
0.029264 4
0.030844 4
0.029593 4
0.031742 4
0.031567 4
0.028125 4
0.041552 4
0.032321 4
0.028005 4
0.029757 4
0.029758 39
0.040334 4
0.029394 4
0.030346 4
0.030352 4
0.030889 4
0.035085 4
0.031011 4
0.030748 4
0.029540 4
0.030635 4
0.030770 4
0.029950 6
0.029115 6
0.031181 213
0.030325 4
0.031251 4
0.040387 4
0.029406 4
0.031095 4
0.030004 4
0.031729 4
0.029911 4
0.030082 4
0.030137 4
0.030837 4
0.029510 4
0.029300 4
0.042593 4
0.030187 4
0.030498 4
0.029968 4
0.029466 4
0.031258 4
0.030125 4
0.031280 4
0.029956 4
0.030264 4
0.029789 4
0.033572 4
0.031143 4
0.029620 4
0.031542 4
0.031458 4
0.027108 4
0.030295 4
0.032371 4
0.030197 4
0.031783 4
0.029415 4
0.030867 4
0.028616 4
0.031261 4
0.028246 4
0.030236 4
0.031555 4
0.030061 4
0.029395 4
0.031108 4
0.029118 4
0.031218 4
0.039862 4
0.031522 4
0.030731 4
0.032318 4
0.027478 4
0.030925 4
0.032580 4
0.034076 4
0.024045 4
0.030858 4
0.029456 4
0.038215 4
0.028713 4
0.030493 4
0.031259 4
0.031740 4
0.026891 4
0.030018 4
0.031317 4
0.030297 4
0.032445 4
0.028581 4
0.029734 4
0.031084 6
0.029350 6
0.165319 567
1.710121 3
1.632952 567
0.863434 3
0.377572 294
0.000270 10
2.420862 11
0.000365 97
0.000139 32
12.650492 71
1.317268 567
1.026569 3
1.382464 567
1.604686 3
0.889147 279
0.517127 1
0.029800 1
0.029837 1
0.030619 1
0.031519 1
0.030412 1
0.031371 1
0.029355 1
0.030017 1
0.030082 1
0.036269 1
0.032047 1
0.029019 1
0.028989 1
0.029516 1
0.032450 1
0.026743 1
0.030047 1
0.030018 1
0.031680 1
0.029898 1
0.030013 1
0.030375 1
0.031081 1
0.031082 1
0.031000 1
0.028893 1
0.030694 1
0.031521 1
0.027880 1
0.029213 1
0.030276 1
0.043304 1
0.029264 1
0.029475 1
0.030507 1
0.030630 1
0.040251 1
0.030155 1
0.030139 1
0.030033 1
0.030203 1
0.038937 1
0.028337 1
0.030344 1
0.030032 1
0.030315 1
0.031542 1
0.029650 1
0.030889 1
0.030676 1
0.028952 1
0.032353 1
0.038223 1
0.031685 1
0.029727 1
0.030857 1
0.030818 1
0.028464 1
0.321961 1
0.162057 1
0.155634 1
0.141094 1
0.568503 98
0.226979 153
0.296240 12
0.000677 83
8.015780 96
24.892462 151
0.511116 4
0.029087 4
0.030634 4
0.029974 4
0.029935 4
0.031068 4
0.028885 4
0.029935 4
0.043266 4
0.030734 4
0.030342 567
0.028734 4
0.030731 4
0.040646 4
0.029953 4
0.029251 4
0.032582 4
0.030049 4
0.029084 4
0.034087 4
0.031001 4
0.029805 4
0.029927 4
0.030311 4
0.030298 4
0.029915 4
0.030180 4
0.030742 4
0.029770 4
0.044068 4
0.027059 4
0.030681 4
0.029624 4
0.030114 4
0.030865 4
0.029556 4
0.031054 4
0.030384 4
0.029848 4
0.029992 4
0.041259 4
0.033322 4
0.028981 4
0.030893 4
0.030697 4
0.029057 4
0.029118 4
0.032337 4
0.028721 4
0.029873 4
0.030533 4
0.034006 4
0.031134 4
0.031601 4
0.028817 4
0.032932 4
0.028880 4
0.029262 4
0.031549 4
0.028869 4
0.029954 4
0.033064 4
0.029599 4
0.030642 4
0.028946 4
0.030934 4
0.029261 4
0.029222 4
0.030082 1
0.030781 1
0.030500 1
0.030829 1
0.028679 1
0.040568 1
0.031136 1
0.031423 1
0.031040 1
0.027934 1
0.031277 1
0.030415 1
0.030489 1
0.030845 1
0.029630 1
0.029135 1
1.714365 29
1.130914 51
0.000069 17
0.000078 2
0.000498 83
4.121067 69
4.118877 1
1.460717 7
5.883947 3
0.616234 11
0.001363 83
10.217224 27
0.679824 47
0.004516 57
0.000813 83
68.815016 20
0.695312 44
0.000749 83
12.806052 22
0.672944 37
0.008891 117
4.736780 34
0.708648 147
0.000193 72
0.000164 75
6.685645 31
0.600635 55
0.000173 147
1.564024 11
0.781146 80
0.872241 240
0.195424 14
0.180169 1
0.316671 1
1.854974 31
1.056934 45
0.249876 1
5.681277 3
0.505684 3
0.028670 1
0.030581 1
0.030107 1
0.030944 1
0.036770 1
0.031134 1
0.030782 1
0.030107 1
1.360667 4
0.514229 4
0.040268 4
0.032732 4
0.029661 4
0.029937 4
0.030814 4
0.028751 4
0.031525 4
0.029302 4
0.032375 4
0.027949 4
0.029622 4
0.036152 4
0.030428 4
0.030925 4
0.028515 4
0.029731 4
0.030878 4
0.033514 4
0.028083 4
0.029818 4
0.030083 1
0.030538 1
0.030521 1
0.031001 1
0.030035 1
0.029945 1
0.030979 1
0.031436 1
0.027635 1
0.030838 1
0.031365 1
0.385430 1
0.477263 1
0.744044 1
0.549487 94
1.685369 1
0.904981 1
0.290307 1
0.877683 11
0.001546 83
1.956478 31
0.601530 55
0.000090 92
13.145318 32
0.722614 75
0.000708 83
8.548459 23
0.480006 42
0.000265 83
2.866126 23
1.385467 27
1.447272 4
0.376773 1
1.325106 4
1.837744 1
0.613829 4
0.360859 1
0.556387 4
3.375772 1
0.250079 1
0.186521 1
0.184517 1
0.171597 1
0.690684 15
1.216381 11
0.001103 85
1.763950 3
2.438311 4
0.534155 4
0.025808 4
0.031743 1
0.029318 1
0.029624 1
0.030415 1
0.030253 1
0.030480 1
0.029553 1
0.030640 1
0.031262 1
0.037767 1
0.030495 1
0.309251 1
0.096103 1
0.256286 1
0.102063 1
0.197441 11
0.006224 34
0.000990 83
1.657674 4
0.306596 11
0.427108 6
0.365764 14
0.942159 80
0.805370 240
0.183480 17
0.518400 6
0.030796 7
0.029332 7
0.029700 1
0.031799 1
0.030035 1
0.031192 1
0.038779 1
0.031804 1
0.029008 1
0.030208 1
0.030204 1
0.030974 1
0.031726 1
0.029352 1
0.028945 1
0.030442 1
0.037752 1
0.029346 1
0.502009 1
0.399098 1
0.733454 1
0.114526 1
0.190769 1
0.890498 1
2.987251 1
0.832099 1
0.433131 4
0.106258 1
0.111627 1
0.975185 1
0.120276 1
1.060753 1
0.259127 11
0.000380 85
1.455615 12
0.430504 1
0.207909 1
0.145113 1
0.142479 1
0.135508 1
0.122346 1
0.774088 17
0.108015 13
0.774970 3
0.510108 3
0.031736 3
0.029075 3
0.029941 3
0.032569 3
0.029871 1
0.704668 4
0.100550 1
0.358139 11
0.005873 2
0.000334 83
7.000498 1
0.403066 1
0.146466 1
0.584453 4
0.143434 4
0.135895 4
0.114072 1
0.096797 1
0.247460 1
0.087114 1
0.412396 1
0.172861 1
0.232490 1
1.996978 13
1.518691 256
1.211056 4
1.079951 13
2.002072 256
2.334681 1
0.174417 1
0.329282 1
0.144590 1
1.645746 13
1.128300 286
2.034404 4
0.200232 4
0.514410 4
0.030020 4
0.028440 4
0.031004 4
0.041828 4
0.029634 4
0.029133 4
0.030567 4
0.030676 4
0.030396 1
0.029827 1
0.028543 1
0.030985 1
0.030286 1
0.030395 1
0.035197 1
0.030900 1
0.031053 1
0.030152 1
0.030625 1
0.029484 1
0.030981 1
0.032525 1
0.027531 1
0.030599 1
0.030699 1
0.029850 1
27.585219 1
0.264148 1
0.297609 1
0.159916 1
3.394534 1
0.423822 1
1.997277 1
0.161231 1
0.286392 1
3.662250 1
0.301765 1
0.106102 1
0.330127 1
1.327329 1
0.252094 1
0.378641 1
2.615806 11
1.042732 174
3.594714 2
0.434802 83
10.249593 30
0.993998 53
0.008810 83
1.334581 16
0.266165 1
0.516177 1
0.034856 1
0.027246 1
0.029667 1
0.042149 1
0.026455 1
0.030131 1
0.029902 1
0.029650 1
0.038836 1
0.029096 1
0.030777 1
0.030354 1
0.030191 1
0.031850 1
0.029741 1
0.028945 1
0.671107 3
0.506673 3
0.030143 3
0.029929 3
0.032465 3
0.029241 3
0.029995 3
0.034154 3
0.026433 3
0.031800 3
0.028347 3
0.043349 3
0.031613 3
0.028683 3
0.031830 3
0.028565 3
0.032372 1
0.028439 1
0.031168 1
0.030303 1
0.030922 1
0.029417 1
0.033871 1
0.029316 1
0.032287 1
0.029280 1
0.030337 1
0.030095 1
0.795380 32
0.879786 14
0.400647 20
0.665306 4
0.508079 4
0.031763 4
0.029437 4
0.030554 1
0.031872 1
0.029648 1
0.029428 1
0.030452 1
0.030853 1
0.029169 1
0.040090 1
0.488894 1
0.172333 1
0.186514 1
0.266043 1
0.180746 1
0.982724 30
0.600307 53
0.020398 27
4.247731 2
0.102964 83
4.976683 22
0.630066 37
0.012269 54
0.003584 8
0.002479 83
0.001244 83
16.814834 26
0.401659 69
1.202291 1
0.174080 1
0.190341 1
0.646247 7
2.176177 11
0.878101 105
7.058084 2
0.465925 83
7.894748 17
1.408679 4
0.517213 4
0.032238 4
0.028099 4
0.031169 4
0.038153 4
0.031406 4
0.027435 4
0.034401 4
0.027124 4
0.029400 4
0.030597 4
0.031229 4
0.028498 4
0.031015 4
0.030414 4
0.029144 4
0.030434 1
0.030056 1
0.032938 1
0.028142 1
0.031697 1
0.029975 1
0.029752 1
0.030033 1
0.030484 1
0.030054 1
0.029402 1
0.039190 1
0.031448 1
0.028747 1
0.969418 26
1.642441 1
0.162907 1
0.149128 1
0.505723 7
0.210148 11
0.051075 83
1.302383 27
0.329230 30
0.383535 26
0.426093 69
0.668551 32
0.518427 14
0.577517 14
0.196899 28
0.163454 69
0.191790 29
0.197685 27
0.238885 30
0.273645 1
0.257998 1
1.285768 1
0.330613 1
0.196250 1
1.795295 1
0.146340 1
0.269244 6
1.160130 1
0.182426 4
0.532248 11
0.010448 35
2.750387 1
0.157187 2
0.000689 17
0.002324 83
87.048263 25
0.821117 46
0.000061 83
3.766421 35
0.459937 63
0.000341 100
3.762707 20
0.414040 33
0.000068 83
3.239055 54
0.501987 192
0.001168 83
3.336744 30
0.770594 143
0.000364 87
4.573663 28
0.592733 49
0.000380 89
30.455635 19
1.039965 45
0.227468 120
0.264518 37
0.348957 45
0.263159 41
0.677641 46
0.367400 41
0.795126 30
0.529119 26
0.770783 69
1.194764 1
0.156371 1
0.214196 1
1.028273 7
0.117345 11
5.312661 83
1.503365 17
1.672272 4
0.191947 4
0.842514 1
0.185480 1
0.451250 1
0.262218 11
1.502486 159
1.638551 83
4.605012 31
1.344263 45
0.141057 1
0.218849 1
0.179872 1
0.108990 1
0.583422 3
0.373765 13
0.160102 13
0.148235 13
0.124557 13
0.142100 13
0.152493 13
0.632225 13
0.532833 9
0.126764 9
0.353914 9
0.372653 9
0.449170 9
1.419640 9
0.172495 9
1.155674 9
0.616291 11
0.007468 83
9.250658 34
1.438709 51
0.504248 1
0.031185 1
0.030520 1
0.040231 1
0.029630 1
0.031499 1
0.030410 1
0.030112 1
0.030322 1
0.028883 1
0.180998 1
0.157777 1
0.136504 1
0.136383 1
0.131808 1
0.717431 5
0.160381 5
0.131859 5
0.148800 5
0.123394 5
0.410178 5
0.294004 5
1.740271 5
0.165072 5
0.324967 5
0.349181 5
0.439479 5
0.104588 5
0.346276 5
1.179075 5
0.208637 11
0.004743 141
4.119877 1
0.161347 1
0.070451 11
0.019949 444
0.001838 83
7.296896 2
0.353384 28
0.876116 1
0.504247 1
0.040623 1
0.029291 1
0.030449 1
0.030886 1
0.029848 1
0.229464 1
1.084795 1
0.211796 1
2.950765 1
1.249064 23
1.181465 23
0.147644 23
0.804612 23
0.195787 23
0.175155 23
0.284423 23
0.215326 23
0.987099 23
0.240107 11
0.005678 173
0.000712 83
33.827713 35
0.437779 40
0.551815 28
1.210807 48
1.022213 1
0.231966 1
0.157222 1
0.135548 1
0.854766 13
1.399074 9
0.254785 3
0.235639 3
0.270121 3
0.186391 3
0.227428 4
0.176724 4
0.152321 4
0.762282 1
0.237555 1
0.461463 4
0.084553 1
0.468877 11
2.230441 94
1.849292 83
3.876751 17
0.524878 52
0.549919 40
0.393034 28
0.842843 48
0.632420 9
0.359883 36
0.471553 45
0.345195 120
0.570343 53
0.178985 48
0.352581 40
0.205509 5
0.217889 44
0.219854 31
0.335234 37
0.235192 57
0.280044 20
0.246976 1
0.340782 17
0.378104 52
2.462717 4
0.531812 4
0.030889 4
0.029245 4
0.031130 4
0.032268 4
0.029404 4
0.028884 4
0.030795 4
0.031140 4
0.032080 4
0.036836 4
0.029640 4
0.030326 4
0.032206 4
0.028148 4
0.030021 4
0.030174 4
0.031730 4
0.030645 4
0.030836 4
0.033264 4
0.035689 4
0.029209 4
0.030844 4
0.030956 4
0.030028 4
0.033287 4
0.027618 4
0.029847 4
0.029892 4
0.031863 4
0.029858 4
0.035135 4
0.030225 4
0.029910 1
0.031810 1
0.029815 1
0.029059 1
0.031213 1
0.030705 1
0.029402 1
0.031889 1
0.030560 1
0.032219 1
0.028105 1
0.033203 1
0.028138 1
0.028229 1
0.030931 1
0.030515 1
5.212940 19
1.074269 21
2.525618 1
1.117070 1
0.410601 1
0.360732 1
0.271609 6
1.228487 1
0.142626 4
1.974206 11
0.008999 83
3.119611 1
1.687808 4
0.268125 1
0.551071 4
1.021223 1
0.247907 1
1.171069 1
0.598061 1
0.345195 6
1.798974 1
0.086591 4
0.518413 11
0.009001 39
0.001857 45
0.002693 7
0.002220 83
33.342645 14
1.400546 1
0.231484 1
0.250109 1
0.239067 1
2.686045 27
0.996790 1
0.144766 1
0.146217 1
2.421557 11
0.511948 7
2.013972 11
1.068639 350
4.681821 2
0.615522 83
7.362139 17
0.435296 35
5.683095 31
2.529477 1
0.183829 1
0.174465 1
1.079765 11
0.699355 7
0.618876 11
1.111051 7
0.439596 11
5.162508 52
5.203590 259
1.361752 83
7.705711 17
1.172902 1
0.200988 1
1.197045 1
0.788900 11
0.721489 7
1.139143 11
0.958024 234
1.115485 83
5.444839 17
1.190611 1
0.150498 1
0.147760 1
0.559893 11
0.585652 7
0.312279 11
3.784091 36
1.602583 2
5.290988 174
1.352936 83
4.712362 17
0.785395 1
0.151241 1
0.165877 1
0.413932 11
0.307662 7
0.073812 7
0.463324 11
0.856834 210
1.333878 2
0.781699 83
5.264674 18
0.341427 13
0.363714 8
0.284775 8
0.255628 8
0.271403 35
0.482625 31
0.412402 52
0.747726 40
0.435982 28
0.831884 4
0.521016 4
0.028637 4
0.029695 4
0.030755 4
0.029821 4
0.032995 4
0.027998 4
0.031197 4
0.029495 4
0.030467 4
0.032079 4
0.028348 4
0.030523 4
0.030376 4
0.030154 4
0.031963 4
0.030073 4
0.028184 4
0.031606 4
0.044019 4
0.028270 4
0.029006 4
0.029311 4
0.030559 4
0.040639 4
0.030401 1
0.029294 1
0.030460 1
0.030174 1
0.037315 1
0.030635 1
0.028896 1
0.031437 1
0.030399 1
0.030285 1
0.029965 1
0.030471 1
0.032608 1
0.029637 1
11.199036 30
1.211826 43
0.348875 3
0.389333 4
0.179053 4
0.141200 4
0.113634 4
0.135350 4
0.127006 4
0.125909 4
0.132014 4
0.136542 4
0.438164 4
0.248187 4
4.161559 22
1.048531 37
0.007766 83
1.326395 23
0.497270 1
0.115932 1
0.140316 1
0.688617 11
0.220585 11
0.603881 7
0.308395 11
0.012557 83
0.681885 22
0.295865 1
0.172362 1
0.129918 1
0.993562 11
0.932091 7
0.091787 11
0.006463 83
1.189681 22
0.319425 1
0.147660 1
0.120797 1
0.585563 11
0.604878 11
0.019990 83
1.272414 21
0.482945 1
0.402147 1
0.429866 1
0.636632 7
0.191239 11
0.009043 83
0.497785 22
0.199830 11
0.450158 1
0.164881 1
0.140816 1
0.961199 7
0.162793 11
0.007001 83
0.476727 22
0.220346 8
0.762900 11
0.418503 1
0.173700 1
0.169291 1
0.777669 7
0.129737 11
0.007952 63
0.003511 83
2.784118 22
0.241045 8
3.841923 4
0.519721 4
0.029575 4
0.030213 4
0.031007 4
0.029054 4
0.030125 4
1.310768 7
0.757286 1
0.303954 1
0.642359 1
0.613945 11
0.500367 7
0.082975 11
0.008407 83
4.925627 1
0.432087 1
4.416869 22
1.666026 27
0.513035 1
0.030329 1
0.030825 1
0.035199 1
0.025039 1
0.035747 1
0.030449 1
0.163509 1
0.140794 1
0.133388 1
0.483939 1
0.269072 29
0.350166 11
0.008686 80
0.002071 83
1.274789 14
0.561460 1
0.168944 1
0.146827 1
1.036283 11
0.170370 11
0.813565 7
0.194760 11
0.009550 87
0.000771 83
1.505849 13
0.522521 1
0.187184 1
0.139906 1
0.570242 11
0.619864 7
0.107356 11
0.010676 76
0.003149 83
1.087731 13
0.640885 1
0.171993 1
0.877387 1
0.767394 7
0.222737 7
1.515874 11
0.187016 11
0.457396 11
0.217250 7
0.294647 2
0.000139 9
0.011350 980
0.000027 114
0.000191 418
0.001028 943
0.000259 539
0.000537 722
0.000455 487
0.000491 463
0.000042 295
0.001519 769
0.000675 2622
0.000011 31
0.000580 608
0.001792 1824
0.000846 3040
0.000670 729
0.000028 38
0.000787 608
0.000205 494
0.001266 905
0.000457 273
0.000329 1406
0.000729 2349
0.000018 691
0.001725 4095
0.000259 1795
0.000230 1710
0.000011 190
0.000297 570
0.000129 342
0.000008 38
0.000411 152
0.000869 722
0.000273 1368
0.000006 181
0.000048 85
0.000060 38
0.000016 38
0.000004 38
0.000262 836
0.000020 114
0.000016 38
0.000345 639
0.000160 45
0.000005 190
0.000014 38
0.000006 38
0.000458 190
0.000012 114
0.000053 38
0.000490 342
0.000420 266
0.000246 646
0.000275 561
0.000007 47
0.000042 76
0.000336 342
0.000044 152
0.001381 2090
0.000120 1786
0.000037 190
0.000351 646
0.000584 188
0.000473 496
0.000539 297
0.000185 425
0.000149 190
0.000055 31
0.000133 83
0.000010 228
0.000206 456
0.000006 190
0.000205 259
0.000301 273
0.000380 304
0.000417 789
0.000873 684
0.000668 1294
0.000050 273
0.000199 152
0.000128 190
0.000129 380
0.000006 38
0.000306 418
0.000245 380
0.000141 418
0.000774 190
0.000396 1323
0.000249 570
0.000013 197
0.000344 570
0.000012 228
0.000650 1026
0.000600 874
0.000320 874
0.000252 874
0.000254 380
0.000330 418
0.000254 532
0.000828 418
0.000156 1824
0.002079 4095
0.000170 2327
0.000068 190
0.000010 31
0.000133 83
0.000111 114
0.000300 418
0.000352 798
0.000238 418
0.000249 418
0.000233 494
0.000224 532
0.000133 342
0.000008 38
0.000899 266
0.000455 1285
0.000260 729
0.000236 608
0.000241 342
0.000243 456
0.000937 494
0.000412 1330
0.000255 570
0.000172 380
0.000009 38
0.000193 456
0.000365 684
0.000280 418
0.000235 266
0.000286 874
0.000138 532
0.000248 494
0.000264 266
0.000239 342
0.000271 342
0.000292 418
0.000240 494
0.000724 342
0.000277 912
0.000255 487
0.000357 454
0.000014 161
0.000302 228
0.000255 228
0.000257 456
0.000235 411
0.000241 342
0.000618 349
0.000016 760
0.000327 570
0.000237 411
0.000237 235
0.000241 380
0.000248 342
0.000148 190
0.000242 532
0.000509 411
0.000239 653
0.000015 380
0.000499 722
0.000130 494
0.000216 722
0.000254 791
0.000306 425
0.000594 418
0.000303 1064
0.000129 570
0.000328 494
0.000398 684
0.000023 266
0.000398 644
0.000226 154
0.000283 791
0.000295 311
0.000040 190
0.000338 532
0.000280 342
0.000258 304
0.000135 114
0.000322 371
0.000023 161
0.000166 38
0.000040 228
0.000356 494
0.000644 456
0.000207 722
0.000017 76
0.000009 38
0.000014 38
0.000451 38
0.000401 608
0.000251 608
0.000292 456
0.000267 608
0.000012 190
0.000801 1131
0.000031 579
0.000382 342
0.000263 221
0.000236 309
0.000013 40
0.000113 76
0.000280 152
0.000367 532
0.000336 304
0.000131 190
0.000245 449
0.000591 425
0.000229 874
0.000289 380
0.000272 342
0.000189 456
0.000471 418
0.000397 532
0.000218 608
0.000113 152
0.000744 684
0.000037 456
0.000524 715
0.000469 646
0.000361 729
0.000896 2242
0.000273 1976
0.000687 1100
0.000051 601
0.000308 306
0.000143 121
0.000241 335
0.000396 349
0.000013 114
0.000493 874
0.000152 418
0.000269 639
0.000619 349
0.000485 1254
0.000017 190
0.000143 228
0.000008 38
0.000454 532
0.000314 304
0.000034 266
0.001394 4095
0.000297 1719
0.000011 107
0.002086 1869
0.001408 145
0.000929 4095
0.000225 3664
0.000493 905
0.000301 501
0.000664 836
0.000562 1862
0.000321 753
0.000014 235
0.000292 722
0.000589 570
0.000040 836
0.000512 791
0.000161 425
0.000037 38
0.000401 760
0.000016 228
0.000222 418
0.000671 494
0.000325 1140
0.000809 637
0.000299 344
0.000234 539
0.000362 259
0.000296 691
0.000533 456
0.000028 950
0.000223 456
0.000189 1178
0.004031 4095
0.001888 4095
0.000948 4543
0.000060 4095
0.002142 4095
0.001349 3053
0.001104 3035
0.000018 349
0.000264 836
0.000527 760
0.000018 190
0.000005 38
0.001176 912
0.000372 1178
0.000219 342
0.000018 266
0.000299 304
0.000048 190
0.000440 760
0.000233 335
0.000370 456
0.000304 1071
0.000124 456
0.000008 38
0.000120 228
0.000256 373
0.000038 159
0.000285 418
0.000036 152
0.000409 266
0.000026 228
0.000872 684
0.000268 1026
0.000565 1596
0.000246 950
0.002414 1216
0.001905 6840
0.000067 798
0.000493 1399
0.000475 995
0.000610 1102
0.001204 1596
0.000328 1520
0.000021 264
0.000395 952
0.001342 988
0.000413 1330
0.000023 523
0.000223 1064
0.000202 579
0.000373 228
0.000300 798
0.000261 760
0.000158 874
0.000429 684
0.000741 760
0.000219 753
0.000041 159
0.000179 266
0.000382 456
0.000037 152
0.000153 304
0.000034 38
0.000436 418
0.000131 684
0.000410 190
0.000124 380
0.000122 38
0.000336 684
0.000095 342
0.000466 411
0.001291 349
0.000751 2356
0.000134 1406
0.000686 532
0.000244 570
0.000312 418
0.000252 259
0.000293 159
0.000274 342
0.000779 449
0.000166 653
0.000410 722
0.000104 114
0.000264 114
0.000296 371
0.000113 465
0.000452 342
0.000267 409
0.000112 275
0.000007 38
0.000235 76
0.000015 76
0.001034 608
0.000249 1026
0.000201 418
0.000113 304
0.000203 152
0.000230 304
0.000035 152
0.000605 1444
0.001054 722
0.000323 2508
0.000207 836
0.000816 304
0.000200 1064
0.000202 304
0.000204 304
0.000242 373
0.000107 159
0.000120 342
0.000131 76
0.000405 523
0.000109 161
0.000227 304
0.000203 266
0.000592 228
0.000209 29
0.000515 9
0.000318 297
0.000279 197
0.000295 449
0.000276 273
0.000290 449
0.000013 45
0.000007 38
0.000248 152
0.000285 266
0.000299 418
0.000226 266
0.000239 409
0.000010 199
0.000512 380
0.000959 304
0.000048 1064
0.000548 950
0.000050 114
0.000295 304
0.000120 190
0.000202 69
0.000128 45
0.000048 152
0.000270 228
0.000230 183
0.000037 159
0.000165 266
0.000014 38
0.001184 646
0.000377 874
0.000267 228
0.000275 228
0.000322 304
0.000309 753
0.000050 197
0.000349 342
0.000149 190
0.000009 38
0.012193 637
0.000388 4095
0.000939 4095
0.000099 4095
0.000262 4095
0.000981 4095
0.000070 4044
0.000289 1140
0.000330 1102
0.000298 950
0.000681 1064
0.000485 2698
0.000894 1399
0.000044 1375
0.000551 1406
0.000230 563
0.001264 881
0.000087 1596
0.000372 1178
0.000267 449
0.000846 425
0.000312 1399
0.000276 463
0.000290 715
0.000321 501
0.000214 722
0.000972 867
0.000153 1527
0.000160 608
0.001233 1178
0.000318 2128
0.000067 335
0.000009 7
0.000064 31
0.000266 919
0.000136 684
0.000238 753
0.000053 228
0.000191 380
0.000207 577
0.000265 798
0.000264 713
0.000257 534
0.000334 539
0.000019 722
0.000407 865
0.000021 9
0.000102 221
0.000092 190
0.000121 197
0.000014 38
0.001262 1710
0.000018 570
0.000197 608
0.000434 1482
0.000126 38
0.000011 31
0.000030 7
0.000181 228
0.000194 152
0.000345 219
0.000741 268
0.000182 273
0.000555 107
0.000027 577
0.000179 713
0.000164 2
0.000205 615
0.000017 494
0.000197 646
0.000266 570
0.000260 570
0.000045 259
0.000225 463
0.000161 418
0.000476 760
0.000021 114
0.000225 342
0.000182 532
0.000151 494
0.000052 38
0.000160 456
0.000487 903
0.000012 693
0.000152 76
0.000510 570
0.000017 38
0.000674 1283
0.000816 1073
0.000071 646
0.002444 4095
0.000082 2251
0.000720 342
0.000213 342
0.000567 304
0.000092 599
0.000355 572
0.000239 349
0.000271 753
0.000234 349
0.000040 304
0.001943 2204
0.000368 2546
0.000043 38
0.000695 304
0.000438 1209
0.000343 463
0.000309 487
0.000280 114
0.000147 304
0.000373 347
0.000010 2
0.000329 494
0.000241 380
0.000011 190
0.000622 456
0.000293 449
0.000349 304
0.000321 311
0.000297 487
0.000335 304
0.000294 235
0.000317 259
0.000145 235
0.000142 114
0.000626 183
0.000277 266
0.000039 121
0.000870 950
0.000534 2128
0.000017 454
0.000172 563
0.000650 883
0.000186 715
0.000285 387
0.000042 342
0.000617 798
0.000289 228
0.000276 259
0.000160 273
0.001522 827
0.000513 2555
0.000146 447
0.000020 161
0.000969 1285
0.000059 1109
0.000475 646
0.000297 411
0.000040 121
0.000443 1017
0.000135 199
0.000033 38
0.000444 228
0.000012 228
0.000270 532
0.000160 152
0.000468 1140
0.000279 570
0.000199 183
0.000123 45
0.000035 114
0.000230 380
0.000341 487
0.000593 114
0.000303 1784
0.000235 610
0.000137 159
0.000250 304
0.000236 836
0.000686 722
0.000299 867
0.000018 150
0.000154 313
0.000250 297
0.000208 190
0.000125 45
0.000518 342
0.000283 456
0.000254 532
0.000722 715
0.000123 425
0.000344 677
0.000292 273
0.000251 834
0.000293 639
0.000965 275
0.001334 2501
0.000195 722
0.000366 342
0.000178 380
0.000497 235
0.000162 152
0.000181 152
0.001541 570
0.000096 1898
0.000012 154
0.000257 454
0.000165 230
0.000145 114
0.000183 304
0.000226 606
0.000243 306
0.000013 152
0.000264 266
0.000181 304
0.000085 228
0.000278 380
0.000083 152
0.000092 190
0.000188 304
0.000081 114
0.000289 266
0.000082 190
0.000085 190
0.000353 494
0.000012 76
0.000155 228
0.000176 380
0.000517 342
0.000037 378
0.000212 230
0.000011 152
0.000180 380
0.000097 190
0.000063 190
0.000156 342
0.000299 447
0.000179 266
0.000155 161
0.000126 190
0.000121 190
0.000124 190
0.000141 190
0.000125 152
0.000188 266
0.000076 342
0.000307 380
0.000237 378
0.000257 268
0.000018 183
0.000490 537
0.000127 268
0.000495 532
0.000225 373
0.000271 311
0.000551 1064
0.000302 988
0.000313 380
0.000146 494
0.000140 456
0.000523 791
0.000789 729
0.000562 943
0.000193 577
0.000213 456
0.000010 190
0.000377 874
0.000217 494
0.000590 532
0.000305 1178
0.000245 639
0.000105 273
0.000297 494
0.000020 608
0.000626 608
0.001014 2166
0.000021 910
0.000177 496
0.000556 798
0.000265 1026
0.000210 456
0.000009 190
0.000252 684
0.000027 228
0.000330 760
0.000454 456
0.000218 646
0.000031 266
0.000317 760
0.000405 380
0.000306 418
0.000021 447
0.000168 503
0.000355 380
0.000698 304
0.000316 1406
0.000288 677
0.000280 537
0.000023 145
0.000071 9
0.000305 380
0.000335 753
0.000300 271
0.000267 420
0.000199 380
0.000220 76
0.000135 114
0.000553 371
0.000137 693
0.000440 646
0.000464 943
0.000899 570
0.000436 1100
0.000022 273
0.000548 793
0.000377 577
0.000270 570
0.000020 304
0.000370 342
0.000270 1178
0.000270 532
0.000259 494
0.000240 532
0.000341 570
0.000299 608
0.000716 456
0.000330 1482
0.000257 760
0.000221 380
0.000384 456
0.000379 608
0.000016 874
0.000004 38
0.000573 1216
0.000181 380
0.000285 570
0.000243 791
0.000708 304
0.000217 881
0.000167 456
0.000411 798
0.000210 152
0.000335 494
0.000226 418
0.000199 570
0.000572 456
0.000194 1178
0.000223 456
0.000105 608
0.000258 380
0.000193 418
0.000123 456
0.000732 867
0.000224 691
0.000181 152
0.000225 380
0.000033 304
0.000471 456
0.000177 494
0.000254 380
0.000126 190
0.000276 456
0.000557 646
0.000023 1102
0.000291 1064
0.001170 1482
0.000361 1254
0.000032 228
0.000314 418
0.000288 456
0.000127 494
0.000285 532
0.000899 677
0.000332 1444
0.000245 349
0.000285 532
0.000260 494
0.000263 456
0.000031 266
0.000865 760
0.000221 1140
0.000128 114
0.000289 380
0.000690 1444
0.000247 1064
0.000713 1095
0.000023 195
0.000169 344
0.000135 570
0.000296 532
0.000012 304
0.000434 449
0.000606 425
0.000047 715
0.000124 311
0.000912 760
0.001608 2052
0.000700 342
0.000025 905
0.000270 380
0.000008 349
0.000116 31
0.000590 575
0.000835 722
0.000039 116
0.000399 264
0.000136 382
0.000195 76
0.000461 31
0.000485 7
0.001004 796
0.000291 458
0.000012 228
0.000291 912
0.000256 342
0.000297 418
0.001424 2052
0.000365 1017
0.000262 275
0.000344 190
0.000210 561
0.000291 427
0.000279 494
0.000818 418
0.000427 1216
0.000270 494
0.000133 342
0.000282 342
0.000290 266
0.001971 4671
0.000040 953
0.000777 304
0.000283 494
0.000251 456
0.000137 532
0.000137 38
0.000264 411
0.000018 159
0.000293 228
0.000270 456
0.000247 456
0.000911 342
0.000442 1551
0.000237 729
0.000419 608
0.000396 304
0.000314 380
0.001039 494
0.000405 1967
0.000277 465
0.000241 1140
0.000511 798
0.000017 684
0.000340 494
0.000010 29
0.000132 351
0.000157 304
0.000302 684
0.000210 646
0.000294 418
0.000234 152
0.000057 561
0.000188 427
0.000150 190
0.000112 266
0.000196 304
0.000006 181
0.000184 235
0.000151 306
0.000165 494
0.000268 447
0.000177 275
0.000138 190
0.000320 342
0.000012 608
0.000251 304
0.000188 266
0.000181 411
0.000167 273
0.000189 380
0.000256 684
0.001125 948
0.000037 1598
0.000189 409
0.000156 389
0.000157 297
0.000128 235
0.000141 304
0.003303 4095
0.000179 2859
0.000612 4095
0.000029 1339
0.000334 950
0.000012 228
0.000194 599
0.000202 427
0.000079 456
0.000072 38
0.000011 38
0.000094 494
0.000057 38
0.000172 532
0.000100 494
0.000071 38
0.000149 494
0.000441 38
0.000201 1292
0.000007 342
0.000217 713
0.000233 769
0.000202 608
0.000389 561
0.000020 608
0.000274 883
0.000193 418
0.000109 380
0.000104 266
0.000224 532
0.000227 722
0.000410 570
0.000020 684
0.000112 297
0.000108 159
0.000055 228
0.000006 38
0.000268 228
0.000162 456
0.000010 38
0.000148 456
0.000164 494
0.000183 454
0.000387 420
0.000016 684
0.000402 1026
0.000253 646
0.000207 608
0.000131 409
0.001019 579
0.000047 2052
0.000139 335
0.000124 463
0.000264 266
0.000249 646
0.000340 409
0.000021 503
0.000251 608
0.000125 380
0.000118 190
0.000150 297
0.000042 197
0.000150 418
0.000229 570
0.098389 418
0.000821 4095
0.001421 4095
0.000238 4095
0.002136 4095
0.000231 4095
0.003777 4095
0.001894 4095
0.002005 4095
0.001910 4095
0.000475 4095
0.000638 4095
0.000732 4095
0.000864 4095
0.003417 3271
0.000730 4095
0.001148 4095
0.000534 4095
0.000621 2338
0.000278 1375
0.000179 266
0.000269 335
0.000250 684
0.000037 7
0.000396 646
0.000013 456
0.000592 1596
0.000489 1216
0.000195 183
0.000598 190
0.000056 1026
0.000195 501
0.000192 494
0.000256 411
0.000263 304
0.000219 425
0.000325 335
0.000304 387
0.000388 599
0.000014 427
0.001590 1437
0.000820 304
0.000745 957
0.000235 409
0.000368 617
0.000055 677
0.000245 537
0.000630 1028
0.000015 494
0.000162 418
0.000068 342
0.000349 494
0.000011 228
0.000173 456
0.000181 456
0.000011 266
0.000046 38
0.000508 827
0.000133 389
0.000297 760
0.000058 38
0.000010 38
0.000495 418
0.000020 333
0.000379 230
0.000006 188
0.000055 78
0.000147 311
0.000131 532
0.000145 304
0.000090 259
0.000131 311
0.000259 1057
0.000388 539
0.000020 532
0.000196 380
0.000420 798
0.000327 760
0.000364 494
0.000672 570
0.000030 38
0.001237 912
0.000182 1055
0.000475 693
0.000172 646
0.000499 601
0.000307 342
0.000890 380
0.000036 1071
0.000372 259
0.000476 197
0.000348 798
0.000226 722
0.000416 487
0.000162 311
0.001361 599
0.000973 2555
0.000030 304
0.000663 684
0.000023 373
0.000321 425
0.000362 342
0.000313 563
0.002633 4095
0.000087 2790
0.000783 1551
0.000095 197
0.000041 228
0.001082 2128
0.000032 449
0.001495 4095
0.000049 472
0.000195 31
0.000149 83
0.000103 38
0.000279 988
0.000131 342
0.000065 228
0.000166 418
0.000145 380
0.000028 152
0.001028 152
0.000050 836
0.000366 3762
0.000010 228
0.000050 38
0.000058 38
0.000021 38
0.000030 38
0.000213 259
0.000043 83
0.000162 456
0.000022 76
0.000011 76
0.000012 38
0.000053 190
0.000016 107
0.000013 45
0.000011 38
0.000009 38
0.000009 38
0.000010 38
0.000012 38
0.000051 69
0.000014 45
0.000010 38
0.000014 38
0.000011 38
0.000011 38
0.000010 38
0.000010 38
0.000013 38
0.000018 76
0.000270 38
0.000659 418
0.000438 912
0.000057 988
0.000028 76
0.000011 38
0.000008 38
0.000007 38
0.000262 304
0.000610 1748
0.000032 31
0.000156 387
0.000421 532
0.000021 190
0.000939 3686
0.000027 570
0.000074 342
0.000104 304
0.000302 380
0.000167 456
0.000175 836
0.000188 950
0.001229 1247
0.000159 2363
0.000253 1330
0.000724 1777
0.000293 838
0.000011 463
0.001539 1824
0.000149 3002
0.000303 1216
0.000222 418
0.000336 1406
0.000441 494
0.000912 836
0.000290 1748
0.001305 1748
0.000053 1824
0.000209 646
0.000460 342
0.000019 1178
0.000187 950
0.000197 608
0.000009 304
0.000202 608
0.000087 76
0.000235 456
0.000505 1178
0.000020 494
0.000225 1140
0.000208 494
0.000317 1290
0.000177 306
0.000135 38
0.000428 988
0.000018 456
0.000241 798
0.000118 494
0.000179 722
0.000126 722
0.000225 684
0.000039 608
0.000341 418
0.000478 1330
0.000169 494
0.000239 456
0.000259 342
0.000011 152
0.000116 304
0.000159 380
0.000133 266
0.000190 342
0.000094 190
0.000082 228
0.000066 228
0.000007 38
0.000141 183
0.000315 266
0.000022 38
0.000177 311
0.000115 266
0.000184 494
0.000165 342
0.000278 380
0.000056 304
0.000267 836
0.000031 31
0.000747 423
0.000539 907
0.000241 501
0.000297 38
0.001485 1292
0.000433 1140
0.000335 221
0.000009 121
0.000291 456
0.000132 183
0.000010 7
0.000884 912
0.001420 2698
0.001348 3040
0.000101 1931
0.000054 45
0.000118 107
0.000246 197
0.000302 570
0.000116 190
0.000039 38
0.000057 31
0.000047 7
0.000089 38
0.000742 722
0.000401 753
0.000017 235
0.000082 107
0.000142 228
0.000011 7
0.000115 69
0.000183 7
0.000193 418
0.000405 1057
0.000037 83
0.001867 836
0.000314 2166
0.000912 1748
0.000372 836
0.000191 722
0.000521 798
0.000401 646
0.001043 1323
0.000227 539
0.000415 304
0.000235 380
0.000694 380
0.000113 228
0.000122 38
0.000362 380
0.000115 494
0.000008 38
0.000005 38
0.000251 228
0.000358 190
0.000707 722
0.000020 646
0.000571 494
0.000036 682
0.000544 1028
0.000008 266
0.000015 145
0.000235 342
0.000251 501
0.000063 76
0.001225 2280
0.000112 905
0.000256 304
0.000007 235
0.000236 76
0.000013 183
0.000458 1102
0.000381 81
0.000023 2
0.000121 38
0.000172 38
0.000068 38
0.000111 69
0.000017 45
0.000048 112
0.000009 2
0.000142 380
0.000014 76
0.000143 304
0.000025 74
0.000005 2
0.000332 304
0.000215 760
0.000735 1672
0.000016 646
0.000009 152
0.000444 418
0.000036 31
0.000219 380
0.114449 919
0.002916 4095
0.000152 4095
0.000698 4095
0.000090 4095
0.000963 4095
0.000040 4095
0.000693 4095
0.000025 2001
0.000035 304
0.000215 760
0.000204 722
0.000225 753
0.000156 653
0.000119 342
0.000118 342
0.000159 525
0.000151 501
0.000118 380
0.000133 380
0.000423 798
0.000432 675
0.000212 693
0.000009 485
0.000347 798
0.000012 85
0.000164 380
0.000158 494
0.000241 373
0.000010 577
0.000166 411
0.000166 418
0.000167 494
0.000157 463
0.000114 380
0.000118 304
0.000198 753
0.000251 501
0.000036 418
0.000249 988
0.000090 228
0.000165 494
0.000231 715
0.000507 1033
0.000013 38
0.000055 297
0.000008 7
0.000486 561
0.000241 351
0.000102 228
0.000109 259
0.000209 311
0.000105 304
0.000101 228
0.000278 753
0.000122 349
0.000316 570
0.000061 266
0.000010 228
0.000180 532
0.000162 532
0.000150 418
0.000144 304
0.000239 570
0.000132 760
0.000251 601
0.000012 463
0.000083 456
0.000204 76
0.000012 38
0.000255 760
0.000139 684
0.000163 760
0.000265 760
0.000015 380
0.000215 722
0.000281 1064
0.000131 905
0.000359 1185
0.000128 943
0.000178 646
0.000166 758
0.000154 693
0.000367 798
0.000013 646
0.000929 3686
0.000020 1254
0.001025 2888
0.000034 532
0.000929 1634
0.000450 684
0.000388 608
0.000989 304
0.000486 950
0.000541 570
0.000265 722
0.000008 183
0.000065 228
0.000071 121
0.000995 1596
0.000099 1026
0.000225 259
0.000571 342
0.000122 273
0.000186 342
0.000077 114
0.000256 532
0.000168 152
0.000012 228
0.000966 523
0.000221 1748
0.000085 351
0.000091 418
0.000030 152
0.000007 38
0.000224 1026
0.000129 380
0.000012 342
0.000052 38
0.000093 190
0.000189 38
0.000013 107
0.000154 190
0.000045 45
0.000171 76
0.000010 31
0.000116 159
0.000148 266
0.000230 342
0.000137 114
0.000335 639
0.000031 7
0.000767 449
0.000553 425
0.001144 1140
0.000065 1976
0.000229 266
0.001235 3648
0.000120 494
0.000189 145
0.000580 948
0.000826 313
0.000596 981
0.000023 273
0.000104 380
0.000196 221
0.000144 197
0.000296 418
0.000282 570
0.000100 38
0.000184 114
0.000064 29
0.000011 2
0.000533 342
0.000020 43
0.000486 458
0.000031 494
0.000006 31
0.000936 1100
0.000185 306
0.000009 7
0.000158 418
0.000381 646
0.000741 494
0.001307 1665
0.000092 1603
0.003132 4095
0.000073 4095
0.000652 2564
0.000217 684
0.000175 494
0.000952 2394
0.000036 570
0.000132 145
0.000181 83
0.000057 38
0.001897 4741
0.000060 579
0.000963 912
0.000963 1404
0.001040 2130
0.001342 1596
0.000926 2083
0.000266 349
0.000344 570
0.001625 570
0.000132 3382
0.000006 114
0.000147 188
0.000464 154
0.000684 523
0.000306 724
0.000010 159
0.000101 297
0.000015 7
0.000010 38
0.000012 38
0.000218 304
0.000033 31
0.000456 539
0.000009 38
0.000074 221
0.000022 45
0.000217 304
0.000009 38
0.000221 827
0.000377 237
0.000032 532
0.000701 1406
0.000022 456
0.000220 190
0.000017 342
0.000223 380
0.000023 38
0.000067 31
0.000013 7
0.000241 31
0.000022 7
0.000340 76
0.000964 29
0.000872 9
0.000027 342
0.000364 304
0.000016 304
0.000481 1406
0.000017 525
0.000021 159
0.000011 38
0.000149 304
0.000017 76
0.000017 38
0.000014 76
0.000011 38
0.000048 38
0.000012 38
0.000015 38
0.000014 38
0.000016 76
0.000164 371
0.000019 85
0.000010 38
0.000014 38
0.000009 38
0.000010 38
0.000146 38
0.000179 722
0.000276 532
0.000010 228
0.000025 145
0.000019 83
0.000307 29
0.000019 9
0.000216 335
0.000218 7
0.000010 145
0.000017 45
0.000010 38
0.000479 981
0.000189 235
0.000063 190
0.000013 76
0.000164 38
0.000010 152
0.000012 76
0.000179 38
0.000011 145
0.001444 3123
0.001569 1520
0.000171 2470
0.000015 114
0.000066 152
0.000940 791
0.000053 691
0.000025 76
0.000239 221
0.000190 235
0.000081 304
0.000025 76
0.000045 38
0.000009 31
0.000025 45
0.000358 342
0.000014 152
0.000067 266
0.000027 76
0.000204 259
0.000030 7
0.000369 561
0.000021 47
0.000185 221
0.000018 45
0.000451 563
0.000048 349
0.000570 259
0.000159 767
0.000082 456
0.000192 342
0.000072 76
0.000481 485
0.000018 351
0.000194 145
0.000126 264
0.000143 237
0.000185 190
0.000043 228
0.000037 190
0.000523 1102
0.000307 304
0.000868 684
0.000488 601
0.000041 387
0.000856 494
0.000536 1444
0.000442 760
0.000037 570
0.000108 266
0.000068 107
0.000074 311
0.000024 114
0.000049 69
0.000015 7
0.000530 38
0.000696 409
0.000088 807
0.000592 532
0.000018 570
0.000038 266
0.000025 152
0.000018 76
0.000065 114
0.000414 829
0.000030 121
0.000011 76
0.000196 228
0.000050 145
0.000027 7
0.000167 114
0.000192 266
0.000050 532
0.000387 190
0.000293 1209
0.000257 691
0.000031 76
0.000378 342
0.000237 114
0.000967 981
0.000035 1831
0.000256 257
0.000135 313
0.000273 107
0.000012 197
0.000043 31
0.000069 121
0.000297 525
0.000007 38
0.000093 83
0.000227 449
0.000047 311
0.000014 38
0.000150 380
0.000191 532
0.000148 494
0.000031 38
0.000311 411
0.000265 273
0.001116 38
0.000803 297
0.000282 235
0.000395 449
0.000017 311
0.000306 380
0.000039 418
0.000208 494
0.000049 38
0.000194 304
0.000589 380
0.000026 76
0.000224 152
0.000485 228
0.000508 1095
0.000435 387
0.000673 523
0.000062 579
0.000008 304
0.000616 912
0.000495 722
0.000014 378
0.000347 337
0.000319 1299
0.000012 266
0.000134 266
0.001080 1102
0.000021 190
0.000390 335
0.000011 45
0.000051 76
0.000171 532
0.000065 335
0.000023 121
0.000143 152
0.000848 266
0.000191 2385
0.000011 199
0.000367 867
0.001949 1176
0.000894 2631
0.000708 874
0.000435 950
0.000396 181
0.000547 275
0.000197 494
0.000473 487
0.000148 463
0.000243 456
0.000405 335
0.000270 311
0.000016 76
0.000172 342
0.000342 342
0.000249 221
0.000169 425
0.000148 456
0.000154 38
0.000365 183
0.000033 38
0.000612 311
0.000185 418
0.000513 373
0.000020 380
0.000311 349
0.000722 411
0.000061 577
0.000108 181
0.000340 349
0.000012 192
0.000158 456
0.000140 456
0.000195 447
0.000045 9
0.000679 1900
0.000013 798
0.000332 525
0.001244 2743
0.000039 1292
0.000443 1064
0.000468 380
0.001089 758
0.000253 1522
0.000163 494
0.000019 114
0.000267 834
0.000519 603
0.000074 45
0.000530 226
0.000039 2
0.000506 532
0.000043 380
0.000385 342
0.114964 608
0.000262 4095
0.000984 4095
0.000053 4095
0.000016 2079
0.001830 7258
0.000097 2660
0.000734 1558
0.000123 1292
0.000006 190
0.000193 409
0.000461 1185
0.000197 185
0.000113 456
0.000164 311
0.000132 373
0.000134 159
0.001694 3527
0.000316 273
0.000130 380
0.000129 380
0.000440 722
0.000207 418
0.001325 2280
0.000936 3413
0.000055 425
0.000975 304
0.001033 1473
0.000041 1149
0.000004 228
0.000600 722
0.000281 722
0.000315 266
0.001076 684
0.000116 1064
0.000782 601
0.000268 387
0.000281 456
0.000356 456
0.000276 570
0.000505 380
0.000014 228
0.001392 3268
0.000691 912
0.000401 1406
0.000145 646
0.000613 760
0.000395 608
0.000887 646
0.000465 1330
0.000264 152
0.000297 228
0.000415 494
0.000019 304
0.002014 4095
0.000637 3847
0.000027 722
0.000492 684
0.000077 798
0.000014 152
0.000012 76
0.000037 76
0.000267 411
0.000303 7
0.000020 76
0.000015 69
0.000014 45
0.000015 31
0.000011 7
0.000015 38
0.000015 38
0.000011 38
0.000083 38
0.000280 684
0.000041 76
0.000293 38
0.000569 1444
0.000059 114
0.000049 38
0.000257 266
0.000043 38
0.000265 259
0.000008 7
0.000277 449
0.000276 235
0.000074 38
0.000264 266
0.000007 145
0.000258 235
0.000615 335
0.000384 843
0.000323 646
0.001014 532
0.000054 874
0.000139 228
0.000231 114
0.000041 31
0.000126 197
0.000225 525
0.000163 197
0.000606 836
0.000165 409
0.000061 237
0.000358 152
0.000156 1900
0.000123 836
0.000446 1366
0.000030 221
0.000309 534
0.000656 568
0.000151 351
0.000028 114
0.000016 76
0.000012 38
0.000136 266
0.000078 145
0.000028 45
0.000041 38
0.000216 380
0.000044 38
0.000267 494
0.000376 684
0.000282 1406
0.000072 380
0.000028 190
0.000035 69
0.000009 7
0.000414 874
0.000296 570
0.000304 608
0.000015 342
0.000182 791
0.000066 38
0.000006 7
0.000494 333
0.000011 2
0.000104 152
0.000008 83
0.000077 76
0.000221 221
0.000042 45
0.000011 76
0.000031 38
0.000012 76
0.000031 38
0.000031 76
0.000231 570
0.000208 456
0.000376 867
0.000022 577
0.000664 570
0.000046 304
0.000197 449
0.000179 342
0.000184 501
0.001042 190
0.000159 373
0.000132 425
0.000391 836
0.000013 31
0.000117 577
0.000013 266
0.000402 570
0.000288 532
0.000330 228
0.000295 373
0.000269 197
0.000247 114
0.000159 38
0.000015 114
0.000008 38
0.000399 114
0.000190 418
0.000006 259
0.000246 235
0.000177 342
0.000456 646
0.000239 608
0.000125 228
0.000257 456
0.000207 449
0.000036 7
0.000184 333
0.000164 275
0.001005 798
0.000028 722
0.000333 449
0.000308 266
0.000344 380
0.000242 45
0.000060 297
0.000257 532
0.000008 43
0.000064 2
0.000046 38
0.000184 257
0.000362 344
0.000014 197
0.000192 570
0.000067 76
0.000032 31
0.000195 112
0.000131 78
0.000173 385
0.000229 375
0.000357 919
0.000277 525
0.000408 577
0.000461 950
0.000026 449
0.000216 418
0.000170 121
0.000009 380
0.000219 373
0.000171 197
0.000221 606
0.000527 952
0.000053 38
0.000582 798
0.000192 874
0.000180 380
0.000380 988
0.000010 31
0.000037 7
0.000136 257
0.000255 501
0.000455 299
0.000078 387
0.000004 31
0.000073 7
0.000047 31
0.000021 7
0.000179 259
0.000197 76
0.000080 7
0.000044 31
0.000097 114
0.000035 7
0.000196 333
0.000219 237
0.000090 76
0.000151 297
0.000160 190
0.000170 159
0.000190 570
0.000158 418
0.000037 31
0.000188 114
0.000050 45
0.000007 31
0.000234 190
0.000096 159
0.000574 259
0.000066 615
0.000004 38
0.000595 677
0.000238 302
0.000199 344
0.000188 311
0.000287 981
0.000214 226
0.000182 192
0.000337 266
0.000044 83
0.000227 304
0.000544 532
0.000469 677
0.000018 159
0.003064 69
0.000523 4095
0.000107 4095
0.000719 6207
0.000594 2064
0.000125 76
0.001068 4095
0.000144 2396
0.000028 387
0.000016 114
0.000014 38
0.000015 76
0.000015 76
0.000015 76
0.000015 76
0.000016 76
0.000022 114
0.000028 114
0.000021 114
0.000019 152
0.000013 76
0.000013 38
0.000012 76
0.000016 76
0.000025 76
0.000025 152
0.000103 570
0.000017 152
0.000015 76
0.000022 114
0.000016 76
0.000012 76
0.000015 76
0.000015 76
0.000017 76
0.000019 76
0.000021 114
0.000020 76
0.000019 114
0.000023 114
0.000121 152
0.000080 532
0.000023 114
0.000016 76
0.000014 38
0.000023 76
0.000021 76
0.000023 114
0.000017 76
0.000014 76
0.000014 38
0.000026 76
0.000025 76
0.000018 114
0.000012 38
0.000012 38
0.000024 76
0.000028 107
0.000026 83
0.000017 76
0.000013 76
0.000013 38
0.000023 76
0.000028 67
0.000029 123
0.000021 145
0.000022 45
0.000027 114
0.000024 114
0.000022 76
0.000028 76
0.000026 114
0.000238 76
0.000034 228
0.000831 874
0.000387 1216
0.000015 487
0.000188 121
0.000013 380
0.000019 114
0.000167 38
0.000297 380
0.000425 494
0.000129 722
0.000279 114
0.000011 304
0.000206 646
0.000444 494
0.000131 760
0.000023 114
0.000011 38
0.000009 38
0.000010 38
0.000009 38
0.000009 38
0.000245 190
0.000835 760
0.000972 760
0.000411 1558
0.000245 646
0.000007 190
0.000025 114
0.000005 38
0.000128 38
0.000010 190
0.000292 76
0.000398 646
0.000093 494
0.000359 836
0.000280 456
0.000405 190
0.000415 684
0.000429 646
0.000409 722
0.000359 684
0.000010 190
0.000235 874
0.000407 418
0.000282 646
0.000010 145
0.000096 7
0.000260 912
0.000473 304
0.000443 1444
0.000015 342
0.000996 2660
0.000361 646
0.000382 798
0.000204 380
0.000683 456
0.000131 380
0.000137 76
0.000357 380
0.000141 456
0.000072 304
0.000005 38
0.000048 38
0.000138 38
0.001022 342
0.000132 798
0.000322 494
0.000021 38
0.000147 228
0.000306 380
0.000053 114
0.000298 532
0.000356 1292
0.000180 38
0.000031 297
0.000214 197
0.000800 2311
0.000390 311
0.000016 145
0.000243 570
0.000045 7
0.000297 333
0.000012 731
0.000391 1024
0.000010 2
0.000401 1140
0.000011 228
0.000066 152
0.000157 257
0.000236 534
0.000010 387
0.000241 684
0.000114 304
0.000196 798
0.000008 38
0.000092 114
0.000006 69
0.000305 881
0.000337 684
0.000086 31
0.000053 38
0.000252 45
0.000015 266
0.000008 38
0.000090 74
0.000231 831
0.000010 7
0.000021 76
0.000007 38
0.000038 38
0.000024 38
0.000302 532
0.000189 532
0.000249 1102
0.000327 494
0.000024 1482
0.000139 411
0.000124 456
0.000161 615
0.000108 228
0.000176 570
0.000137 219
0.000373 199
0.000026 456
0.000377 950
0.001574 3724
0.000076 304
0.000015 950
0.000321 1102
0.000325 494
0.000229 722
0.000049 183
0.000173 266
0.000124 197
0.000178 411
0.000171 425
0.000089 145
0.000129 311
0.000160 342
0.000153 152
0.000310 646
0.000780 684
0.000137 1748
0.000006 38
0.000048 76
0.000302 1026
0.000119 228
0.000306 456
0.000370 760
0.000007 69
0.000040 45
0.000037 31
0.000111 190
0.000341 957
0.000005 31
0.000181 530
0.000128 78
0.000168 159
0.000180 228
0.000187 190
0.000209 266
0.000537 1102
0.000048 114
0.000039 38
0.000193 228
0.000178 335
0.000012 45
0.000167 494
0.000006 38
0.000338 181
0.000197 275
0.000094 76
0.000194 183
0.000006 7
0.000161 228
0.000111 266
0.000141 266
0.000205 454
0.000315 496
0.000009 38
0.000277 152
0.000040 304
0.000147 190
0.000223 494
0.000256 418
0.000112 114
0.000143 190
0.000122 297
0.000146 159
0.000122 190
0.000117 266
0.000119 228
0.000243 342
0.000619 912
0.000014 228
0.000340 342
0.000237 380
0.000149 190
0.000115 190
0.000142 152
0.000123 190
0.000119 190
0.000147 304
0.000178 304
0.000148 266
0.000206 114
0.000101 152
0.000143 190
0.000109 190
0.000132 190
0.000378 418
0.000013 447
0.000215 199
0.000233 418
0.000131 257
0.000642 693
0.000880 2242
0.000041 532
0.000143 114
0.000182 418
0.000222 342
0.000217 266
0.000382 798
0.000528 608
0.000244 874
0.000059 257
0.000226 427
0.000234 411
0.133083 539
0.002119 4095
0.000175 4095
0.000071 854
0.000044 4095
0.002154 4095
0.000029 4095
0.001704 4095
0.000093 4095
0.000070 4095
0.001069 3239
0.000022 423
0.000316 451
0.000238 311
0.000036 228
0.000845 1817
0.000017 226
0.000196 427
0.000234 342
0.000078 38
0.000037 38
0.000173 228
0.000298 646
0.000124 380
0.000108 342
0.000283 304
0.002123 570
0.001113 4895
0.000101 919
0.000037 38
0.000388 266
0.000626 494
0.000272 1558
0.000012 342
0.000299 532
0.000469 297
0.000144 273
0.000038 228
0.000257 342
0.000075 228
0.000271 494
0.000249 259
0.000132 197
0.000043 304
0.000226 297
0.000454 380
0.000086 501
0.000009 228
0.000250 342
0.000057 228
0.000553 335
0.000154 387
0.000268 532
0.000413 525
0.000271 311
0.000041 304
0.001400 905
0.000093 1337
0.000380 1064
0.000256 418
0.000231 259
0.000684 266
0.001276 912
0.000056 7
0.000691 1672
0.000179 1064
0.000328 342
0.002193 639
0.000133 4095
0.002880 5119
0.000054 3675
0.000026 3648
0.000258 228
0.000071 760
0.000014 114
0.000831 798
0.000998 4095
0.000073 1370
0.000329 653
0.000026 760
0.000009 38
0.000007 38
0.000007 38
0.000008 38
0.000009 38
0.000007 38
0.000007 38
0.000007 38
0.000007 38
0.000007 38
0.000007 38
0.000007 38
0.000007 38
0.000008 38
0.000006 38
0.000008 38
0.000008 38
0.000007 38
0.000007 38
0.000007 38
0.000007 38
0.000007 38
0.000007 38
0.000007 38
0.000007 38
0.000007 38
0.000009 38
0.000007 38
0.000007 38
0.000007 38
0.000008 38
0.000007 38
0.000008 38
0.000007 38
0.000007 38
0.000007 38
0.000007 38
0.000007 38
0.000007 38
0.000007 38
0.000007 38
0.000007 38
0.000007 38
0.000008 38
0.000007 38
0.000007 38
0.000007 38
0.000007 38
0.000008 38
0.000008 38
0.000007 38
0.000007 38
0.000008 38
0.000007 38
0.000007 38
0.000007 38
0.000007 38
0.000007 38
0.000007 38
0.000167 76
0.000158 1026
0.000014 380
0.000007 38
0.000008 38
0.000007 38
0.000007 38
0.000008 38
0.000007 38
0.000007 38
0.000007 38
0.000007 38
0.000007 38
0.000007 38
0.000007 38
0.000007 38
0.000007 38
0.000007 38
0.000007 38
0.000006 38
0.000007 38
0.000008 38
0.000007 38
0.000007 38
0.000007 38
0.000006 38
0.000007 38
0.000007 38
0.000008 38
0.000007 38
0.000007 38
0.000008 38
0.000007 38
0.000007 38
0.000007 38
0.000007 38
0.000008 38
0.000007 38
0.000007 38
0.000007 38
0.000007 38
0.000007 38
0.000008 38
0.000007 38
0.000006 38
0.000008 38
0.000007 38
0.000105 411
0.000020 38
0.000007 7
0.000274 905
0.000105 311
0.000015 380
0.000008 38
0.000007 38
0.000922 152
0.000172 753
0.000025 159
0.000010 38
0.000009 69
0.000009 38
0.000009 38
0.000008 38
0.000009 7
0.000009 38
0.000008 38
0.000193 38
0.000023 1102
0.000010 76
0.000008 38
0.000008 38
0.000008 38
0.000008 38
0.000008 38
0.000008 38
0.000007 38
0.000010 38
0.000047 221
0.000013 83
0.000008 38
0.000008 38
0.000009 38
0.000008 38
0.000008 38
0.000008 38
0.000008 38
0.000107 38
0.000014 608
0.000009 38
0.000008 38
0.000008 38
0.000008 38
0.000008 38
0.000008 38
0.000008 38
0.000085 152
0.000012 38
0.000009 38
0.000010 38
0.000008 38
0.000008 38
0.000008 38
0.000008 38
0.000008 38
0.000008 38
0.000008 38
0.000008 38
0.000008 38
0.000008 38
0.000008 38
0.000008 38
0.000009 38
0.000008 38
0.000008 38
0.000008 38
0.000008 38
0.000008 38
0.000051 228
0.000014 114
0.000008 38
0.000008 38
0.000008 38
0.000008 38
0.000008 38
0.000008 38
0.000008 38
0.000008 38
0.000008 38
0.000008 38
0.000007 38
0.000009 38
0.000007 38
0.000009 38
0.000008 38
0.000008 38
0.000008 38
0.000008 38
0.000008 38
0.000008 38
0.000008 38
0.000008 38
0.000008 38
0.000008 38
0.000008 38
0.000117 304
0.000010 76
0.000009 38
0.000008 38
0.000008 38
0.000008 38
0.000008 38
0.000008 38
0.000008 38
0.000008 38
0.000046 190
0.000213 76
0.000083 1406
0.000013 152
0.000008 38
0.000009 38
0.000009 38
0.000009 38
0.000008 38
0.000309 342
0.000012 76
0.000008 38
0.000009 38
0.000008 38
0.000009 38
0.000007 38
0.000008 38
0.000008 38
0.000008 38
0.000008 38
0.000007 38
0.000008 38
0.000010 38
0.000008 38
0.000008 38
0.000008 38
0.000008 38
0.000008 38
0.000007 38
0.000008 38
0.000053 38
0.000018 38
0.000009 38
0.000008 38
0.000008 38
0.000009 38
0.000007 38
0.000008 38
0.000009 38
0.000007 38
0.000071 38
0.000025 449
0.000010 45
0.000008 38
0.000009 38
0.000008 38
0.000008 38
0.000007 38
0.000009 38
0.000008 38
0.000078 38
0.000072 646
0.000014 114
0.000010 38
0.000009 38
0.000009 38
0.000010 38
0.000010 38
0.000008 38
0.000008 38
0.000180 760
0.000012 76
0.000010 38
0.000009 38
0.000008 38
0.000008 38
0.000008 38
0.000009 38
0.000008 38
0.000009 38
0.000009 38
0.000009 38
0.000255 29
0.000530 458
0.000456 957
0.000819 1444
0.000026 1786
0.000145 836
0.000014 114
0.000008 38
0.000011 38
0.000007 38
0.000006 38
0.000175 304
0.000018 342
0.000122 297
0.000014 83
0.000007 38
0.000008 38
0.000007 38
0.000007 38
0.000008 38
0.000007 38
0.000009 38
0.000011 38
0.000145 190
0.000054 259
0.000013 83
0.000008 38
0.000008 38
0.000007 38
0.000007 38
0.000007 38
0.000008 38
0.000009 38
0.000007 38
0.000008 38
0.000007 38
0.000007 38
0.000008 38
0.000007 38
0.000011 38
0.000140 380
0.000013 145
0.000009 45
0.000007 38
0.000007 38
0.000007 38
0.000008 69
0.000007 45
0.000007 38
0.000008 38
0.000009 69
0.000009 45
0.000011 38
0.000009 76
0.000193 608
0.000717 342
0.000038 2273
0.000802 2249
0.000430 1786
0.000127 1102
0.000188 76
0.000012 494
0.000090 152
0.000201 836
0.000059 342
0.000015 145
0.000008 45
0.000007 38
0.000008 38
0.000008 69
0.000009 45
0.000007 38
0.000010 76
0.000008 38
0.001381 4095
0.000102 2092
0.000539 2211
0.000016 1444
0.000203 836
0.000546 228
0.000137 684
0.000015 114
0.000008 38
0.000007 38
0.000007 38
0.000008 38
0.000007 38
0.000007 38
0.000007 38
0.000008 38
0.000008 38
0.000010 38
0.000120 304
0.000013 76
0.000009 38
0.000008 38
0.000007 38
0.000007 38
0.000008 38
0.000008 38
0.000008 38
0.000007 38
0.000008 38
0.000007 38
0.000010 38
0.000151 266
0.000012 76
0.000008 38
0.000008 38
0.000008 38
0.000007 38
0.000007 38
0.000008 38
0.000008 38
0.000007 38
0.000009 38
0.000008 38
0.000042 38
0.000011 38
0.000414 608
0.000061 152
0.000241 152
0.000007 114
0.000014 152
0.000007 38
0.000362 188
0.000014 496
0.000016 152
0.000011 31
0.000009 7
0.000161 266
0.000012 38
0.000018 38
0.000057 76
0.000010 38
0.000010 38
0.000361 570
0.000392 1064
0.000030 228
0.000025 38
0.000014 38
0.000016 69
0.000012 7
0.000008 38
0.000251 152
0.000014 76
0.000015 38
0.000303 380
0.000072 190
0.000560 190
0.000313 418
0.000007 335
0.000300 1071
0.000028 76
0.000286 38
0.000031 722
0.000014 38
0.000011 38
0.000012 76
0.000376 646
0.000520 1701
0.000022 807
0.000030 228
0.000016 38
0.000012 76
0.000012 38
0.000185 494
0.000084 563
0.000149 121
0.000011 456
0.000556 380
0.001255 3185
0.000881 2698
0.000047 1223
0.001428 4095
0.000346 3809
0.000049 601
0.000674 691
0.000564 1292
0.000016 753
0.000022 83
0.000011 38
0.000011 38
0.000048 38
0.000031 31
0.000332 1033
0.000204 447
0.000014 693
0.000158 38
0.000166 760
0.000166 456
0.000270 335
0.000009 266
0.000273 1026
0.000195 235
0.000024 608
0.000436 798
0.000007 31
0.000443 1071
0.000008 114
0.000101 342
0.000459 418
0.000079 266
0.000018 114
0.000039 76
0.000293 798
0.000009 722
0.000370 530
0.000015 306
0.000252 1216
0.000172 684
0.000008 114
0.000006 304
0.000530 646
0.000491 988
0.000014 608
0.000009 114
0.000003 31
0.000004 7
0.000025 31
0.000158 349
0.000062 221
0.000015 45
0.000013 76
0.000441 1444
0.000290 950
0.000251 1976
0.000073 228
0.000377 456
0.000016 304
0.000063 456
0.000159 646
0.000068 456
0.000018 76
0.000531 722
0.000369 1064
0.000422 1368
0.000014 760
0.000187 152
0.000012 456
0.000020 114
0.000012 38
0.000339 950
0.000341 532
0.000017 228
0.000500 1520
0.000581 2622
0.000428 2090
0.000075 608
0.000202 715
0.000464 1366
0.000099 921
0.002701 4095
0.000951 4095
0.001174 3894
0.001499 2083
0.000826 2021
0.000369 874
0.000043 532
0.000215 487
0.000019 121
0.000202 38
0.001130 753
0.000895 2774
0.001489 805
0.000744 4826
0.000022 38
0.001047 760
0.000408 646
0.000442 525
0.000655 653
0.001748 1209
0.000954 3199
0.001428 943
0.000871 2515
0.000593 1589
0.000016 539
0.000015 38
0.000061 38
0.000259 456
0.000091 228
0.000011 38
0.000009 38
0.000101 145
0.000013 7
0.000113 221
0.000011 7
0.000087 107
0.000012 7
0.000128 69
0.000012 7
0.000094 114
0.000012 38
0.000752 1368
0.000021 684
0.000514 266
0.000372 829
0.000272 423
0.000006 33
0.000014 7
0.000009 38
0.000151 228
0.000048 38
0.000162 342
0.000142 563
0.000016 121
0.000010 38
0.000014 69
0.000011 45
0.000012 38
0.000011 76
0.000012 38
0.000011 38
0.000236 114
0.000010 152
0.000064 190
0.000217 69
0.000012 228
0.000015 45
0.000211 335
0.000016 45
0.000012 38
0.000231 713
0.000012 47
0.000121 190
0.000013 38
0.000010 38
0.000054 114
0.000015 114
0.000013 76
0.000011 76
0.000152 76
0.000013 304
0.000017 152
0.000022 114
0.000127 601
0.000023 121
0.000034 38
0.000025 114
0.000179 304
0.000386 1634
0.000366 1178
0.000022 31
0.000223 843
0.000007 31
0.000033 7
0.000291 304
0.132391 829
0.000478 4095
0.000061 4095
0.000903 4095
0.000956 4095
0.000156 4095
0.000009 1335
0.000592 1377
0.000773 874
0.000503 1824
0.000496 988
0.000782 905
0.000477 1976
0.000220 919
0.000488 798
0.000209 38
0.000011 105
0.000566 1111
0.000031 646
0.000248 570
0.000286 753
0.000052 7
0.000952 1140
0.000324 1558
0.000325 874
0.000009 760
0.000003 114
0.000010 69
0.000007 38
0.000006 7
0.000006 38
0.000127 38
0.000050 494
0.000218 304
0.000517 950
0.000480 836
0.000018 601
0.000025 159
0.000283 563
0.000008 387
0.000050 342
0.000122 152
0.000011 266
0.000168 1026
0.000079 532
0.000033 114
0.000020 114
0.000058 183
0.000021 83
0.000005 38
0.000024 38
0.000051 190
0.000053 342
0.000066 266
0.000016 76
0.000040 38
0.000055 31
0.000137 45
0.000114 532
0.000080 266
0.000011 228
0.000010 38
0.000171 380
0.000070 145
0.000036 45
0.000057 266
0.000067 259
0.000016 83
0.000004 38
0.000035 38
0.000072 342
0.000148 38
0.000006 221
0.000055 152
0.000022 83
0.000006 76
0.000168 646
0.000061 221
0.000020 83
0.000013 114
0.000041 69
0.000009 7
0.000272 760
0.000013 342
0.000009 38
0.000086 494
0.000079 107
0.000080 121
0.000004 38
0.000130 760
0.000114 456
0.000046 76
0.000148 608
0.000005 76
0.000213 684
0.000116 532
0.000534 1596
0.000008 380
0.000112 114
0.000009 145
0.000010 45
0.000008 38
0.000037 38
0.000039 31
0.000282 798
0.000066 228
0.000060 45
0.000004 152
0.000148 38
0.000012 304
0.000035 38
0.000010 38
0.000007 38
0.000007 38
0.000044 38
0.000048 38
0.000121 304
0.000126 342
0.000252 304
0.000102 722
0.000079 494
0.000039 114
0.000165 456
0.000209 601
0.000009 235
0.000012 38
0.000194 76
0.000009 335
0.000010 38
0.000007 7
0.000006 38
0.000007 38
0.000006 38
0.000082 304
0.000051 266
0.000055 373
0.000013 83
0.000011 76
0.000005 38
0.000096 532
0.000017 183
0.000004 7
0.000009 69
0.000016 45
0.000223 760
0.000025 107
0.000005 45
0.000202 114
0.000106 380
0.000032 380
0.000072 297
0.000118 273
0.000111 145
0.000173 235
0.000112 145
0.000052 45
0.000159 221
0.000084 114
0.000012 7
0.000009 38
0.000013 38
0.000095 114
0.000080 107
0.000020 45
0.000020 107
0.000005 7
0.000033 38
0.000090 266
0.000165 456
0.000048 228
0.000012 76
0.000010 38
0.000007 38
0.000008 38
0.000009 38
0.000828 912
0.000033 532
0.000450 1178
0.000103 532
0.000038 190
0.000034 114
0.000022 114
0.000300 114
0.000014 342
0.000147 340
0.000405 230
0.000017 1254
0.000016 259
0.000008 45
0.000007 38
0.000007 38
0.000142 342
0.000006 31
0.000541 266
0.000008 273
0.000619 1140
0.000073 373
0.000010 190
0.000199 273
0.000011 418
0.000055 373
0.000074 304
0.000014 45
0.000028 76
0.000032 31
0.000148 159
0.000058 304
0.000123 411
0.000051 7
0.000027 114
0.000149 114
0.000054 304
0.000096 418
0.000042 38
0.000076 107
0.000137 235
0.000048 38
0.000423 532
0.000191 1254
0.000381 684
0.001052 2090
0.000020 2090
0.000177 1064
0.000068 181
0.000187 655
0.000030 107
0.000005 7
0.000169 190
0.000338 988
0.000013 145
0.000021 45
0.000226 304
0.000266 494
0.000013 190
0.000068 266
0.000024 69
0.000019 38
0.000062 38
0.000156 271
0.000163 641
0.000021 45
0.000251 456
0.000043 228
0.000194 38
0.000012 188
0.000200 109
0.000199 266
0.000084 81
0.000210 534
0.000222 677
0.000338 273
0.000022 219
0.000238 237
0.000065 380
0.000004 31
0.000128 83
0.000048 31
0.000037 7
0.000053 38
0.000038 38
0.000290 190
0.000040 107
0.000223 152
0.000141 114
0.000041 7
0.000093 145
0.000034 7
0.000467 304
0.000391 1292
0.000167 646
0.000669 1437
0.000034 273
0.000370 266
0.000158 190
0.000491 981
0.000316 425
0.000374 1254
0.000234 1026
0.000008 494
0.000239 760
0.000155 76
0.000025 304
0.000591 798
0.000014 715
0.000011 45
0.000007 38
0.000007 38
0.000008 38
0.000007 38
0.000120 190
0.000391 639
0.000046 235
0.000010 38
0.000005 38
0.000015 76
0.000244 494
0.000122 29
0.000212 465
0.000320 798
0.000379 342
0.000177 380
0.000287 304
0.000028 143
0.000118 85
0.000048 38
0.000365 266
0.000044 152
0.000051 31
0.000049 45
0.000039 31
0.000010 7
0.000263 304
0.000314 608
0.000009 38
0.000370 608
0.000203 342
0.000415 342
0.000543 1216
0.000588 418
0.000014 532
0.000176 304
0.000317 722
0.000163 266
0.000035 76
0.000269 487
0.000044 7
0.000146 221
0.000116 273
0.000187 487
0.000037 159
0.000096 190
0.000247 494
0.000043 228
0.000159 259
0.000166 387
0.000153 333
0.000139 389
0.000136 297
0.000101 235
0.000145 532
0.000087 190
0.000110 114
0.000084 228
0.000225 304
0.000394 69
0.000058 7
0.000048 38
0.000277 228
0.000012 221
0.000227 615
0.000146 342
0.000255 798
0.000276 684
0.000171 485
0.000148 351
0.000261 608
0.000033 221
0.000143 311
0.000151 532
0.000127 418
0.000007 31
0.000047 7
0.000050 38
0.000009 31
0.000033 7
0.000130 257
0.000193 344
0.000042 45
0.000072 152
0.000007 31
0.000212 235
0.000204 380
0.000040 31
0.000010 7
0.000127 228
0.000274 568
0.000045 2
0.000318 411
0.000018 273
0.000480 986
0.000007 109
0.000085 197
0.000179 228
0.000012 38
0.000163 266
0.000237 570
0.000351 753
0.000506 995
0.000012 152
0.000058 38
0.000035 38
0.000151 266
0.000248 342
0.000034 38
0.000096 152
0.000293 1252
0.000050 2
0.000119 228
0.000269 371
0.000132 389
0.000350 646
0.000017 418
0.000731 2698
0.000030 31
0.000116 83
0.000304 713
0.000153 655
0.000219 684
0.000047 38
0.000142 297
0.000133 228
0.000120 235
0.000643 1551
0.000168 235
0.000021 228
0.000109 145
0.000006 5
0.000086 306
0.000069 190
0.000132 380
0.000069 114
0.000005 31
0.000016 7
0.000015 76
0.000018 76
0.000103 76
0.000027 38
0.000803 409
0.003677 8192
0.000085 4095
0.000371 2193
0.000049 152
0.000294 494
0.000583 950
0.000439 1261
0.000902 1368
0.000657 2698
0.003033 4028
0.001328 4671
0.000039 3537
0.000320 456
0.000222 152
0.002044 677
0.000164 2097
0.000006 31
0.000204 121
0.000088 38
0.000219 152
0.000013 38
0.000108 114
0.000107 297
0.000109 228
0.000109 195
0.000138 299
0.000199 159
0.000514 418
0.000015 494
0.000256 1330
0.000220 1019
0.000187 539
0.000283 981
0.000037 304
0.000094 83
0.000232 532
0.000459 266
0.000192 570
0.000713 1171
0.001358 615
0.000359 1513
0.000045 159
0.000157 114
0.000102 228
0.000194 342
0.000045 38
0.000125 228
0.000049 38
0.000036 31
0.000103 83
0.000208 494
0.000039 38
0.000823 903
0.000727 382
0.000034 1109
0.000028 152
0.000040 38
0.000151 304
0.000004 31
0.000214 273
0.000803 1900
0.000142 988
0.001719 5244
0.000038 1596
0.000292 570
0.000008 181
0.000132 237
0.000211 563
0.000008 7
0.000457 114
0.000197 494
0.000016 152
0.000082 304
0.000014 76
0.000012 38
0.000010 38
0.000010 38
0.000009 38
0.000173 342
0.000006 36
0.000005 2
0.000104 38
0.000394 418
0.000011 143
0.000041 47
0.000767 684
0.000034 722
0.000442 456
0.000122 380
0.000085 228
0.000044 76
0.000252 608
0.000085 259
0.000019 83
0.000164 152
0.000240 221
0.000133 349
0.000267 152
0.000494 152
0.000245 751
0.000373 199
0.000012 190
0.000071 266
0.000200 304
0.000227 494
0.000170 532
0.000113 183
0.000268 159
0.000248 190
0.000247 190
0.000013 152
0.000039 76
0.000293 335
0.000131 38
0.000010 235
0.000051 418
0.000482 373
0.000040 349
0.000167 570
0.000086 266
0.000040 76
0.000309 38
0.000383 342
0.000020 304
0.000009 38
0.000008 38
0.000324 190
0.000035 114
0.000575 456
0.000270 601
0.000011 349
0.000319 228
0.000011 342
0.000043 76
0.000460 342
0.000014 456
0.000042 76
0.000147 342
0.000043 190
0.000031 38
0.000158 38
0.000030 69
0.000142 7
0.000011 38
0.000093 38
0.000008 36
0.000115 154
0.000478 342
0.000463 340
0.000657 337
0.000045 228
0.000010 121
0.000226 494
0.000138 342
0.000096 494
0.000201 532
0.000007 373
0.000311 729
0.000082 221
0.000010 45
0.000034 38
0.000605 760
0.000229 494
0.000297 456
0.000162 981
0.000257 1033
0.000072 342
0.000014 76
0.000161 342
0.000421 297
0.000038 539
0.000121 266
0.000417 342
0.000045 190
0.000050 31
0.000056 7
0.000127 69
0.000930 608
0.000613 950
0.000274 729
0.001064 791
0.000798 2584
0.000780 1710
0.000023 957
0.000010 304
0.000251 1102
0.000271 836
0.000018 456
0.000131 456
0.000135 684
0.000149 684
0.000177 760
0.000177 487
0.000677 1071
0.000108 988
0.000040 69
0.000497 912
0.000187 539
0.000399 912
0.000833 950
0.000364 1216
0.000268 867
0.000012 425
0.000220 758
0.000249 154
0.000022 608
0.000241 342
0.000013 266
0.000021 114
0.000014 38
0.000018 76
0.000008 38
0.000010 38
0.000009 38
0.000015 38
0.000144 380
0.000027 114
0.000015 76
0.000390 304
0.001451 3230
0.000061 912
0.000225 418
0.000418 373
0.000282 311
0.000010 152
0.000445 380
0.000016 333
0.117727 693
0.005543 4095
0.000198 4095
0.001449 4095
0.000107 4095
0.000203 4095
0.000080 1406
0.000093 7
0.000038 36
0.000521 496
0.000037 228
0.000391 646
0.000430 563
0.000099 577
0.000009 38
0.000039 76
0.000020 152
0.000011 38
0.000069 190
0.000246 1140
0.000020 152
0.000014 38
0.000015 76
0.000228 836
0.000057 304
0.000080 76
0.000008 152
0.000022 297
0.000016 76
0.000005 7
0.000176 646
0.000062 297
0.000122 121
0.000202 867
0.000147 653
0.000136 532
0.000071 304
0.000131 190
0.000106 532
0.000300 114
0.000010 38
0.000144 373
0.000118 653
0.000089 181
0.000154 465
0.000201 722
0.000217 836
0.000293 608
0.000109 677
0.000011 7
0.000149 753
0.000092 425
0.000047 145
0.000163 76
0.000149 425
0.000064 152
0.000018 38
0.000013 76
0.000045 76
0.000100 69
0.000093 121
0.000128 335
0.000007 7
0.000373 297
0.000065 653
0.000031 76
0.000016 76
0.000019 74
0.000280 641
0.000063 197
0.000053 76
0.000012 38
0.000019 38
0.000023 69
0.000012 7
0.000205 38
0.000094 342
0.000241 1178
0.000408 532
0.000069 646
0.000048 190
0.000017 76
0.000013 38
0.000016 69
0.000094 45
0.000539 228
0.000029 1672
0.000947 1254
0.000056 1064
0.000233 38
0.000019 181
0.000203 237
0.000136 190
0.000115 105
0.000160 313
0.000214 418
0.000297 912
0.000015 38
0.000006 76
0.000229 228
0.000206 342
0.000020 722
0.000005 38
0.000165 266
0.000574 684
0.000129 114
0.000176 342
0.000154 297
0.000180 380
0.000179 342
0.000168 349
0.000415 608
0.000033 874
0.000007 38
0.000061 38
0.000139 494
0.000180 418
0.000423 411
0.000490 425
0.001179 1824
0.000432 525
0.000427 767
0.000513 988
0.000021 409
0.000302 762
0.000041 304
0.000344 463
0.000181 829
0.000200 311
0.000142 152
0.000061 874
0.000155 608
0.000009 31
0.000088 311
0.001231 950
0.000489 1209
0.000021 644
0.000023 161
0.000015 76
0.000021 107
0.000274 1216
0.000106 1147
0.000035 114
0.000031 145
0.000020 121
0.000069 380
0.000079 228
0.000061 342
0.000021 114
0.000094 152
0.000450 789
0.000200 762
0.000017 197
0.000342 1064
0.000018 532
0.000092 684
0.000195 912
0.000075 152
0.000023 114
0.000222 570
0.000611 865
0.000796 1066
0.000238 803
0.000025 411
0.000064 465
0.000849 1209
0.000063 729
0.000133 411
0.000072 121
0.000222 38
0.000069 31
0.000493 1176
0.000557 465
0.000439 1216
0.000148 836
0.000451 454
0.000029 800
0.001579 2126
0.000044 1978
0.000087 259
0.000389 767
0.000247 1862
0.000020 190
0.000012 76
0.000013 38
0.000013 76
0.000010 38
0.000010 38
0.000158 38
0.000012 342
0.000015 114
0.000012 38
0.000012 38
0.000011 76
0.000150 646
0.000130 418
0.000007 304
0.000015 76
0.000016 76
0.000295 228
0.000161 335
0.000018 83
0.000012 76
0.000015 76
0.000171 494
0.000108 684
0.000024 145
0.000013 45
0.000012 76
0.000015 76
0.000017 76
0.000014 76
0.000010 38
0.000015 76
0.000015 76
0.000013 38
0.000133 532
0.000021 76
0.000014 38
0.000014 38
0.000016 38
0.000152 76
0.000252 1824
0.000066 342
0.000016 114
0.000011 76
0.000014 76
0.000011 38
0.000013 76
0.000012 69
0.000163 45
0.000012 570
0.000026 266
0.000011 38
0.000013 76
0.000013 76
0.000057 114
0.000014 114
0.000321 684
0.000255 1976
0.000261 1178
0.000032 266
0.000080 114
0.000206 494
0.000018 646
0.000023 266
0.000018 76
0.000019 114
0.000100 532
0.000025 190
0.000016 114
0.000014 76
0.000011 38
0.000012 76
0.000013 76
0.000011 38
0.000014 76
0.000010 38
0.000016 69
0.000012 45
0.000011 76
0.000014 69
0.000460 45
0.000104 1247
0.000024 843
0.000018 76
0.000111 449
0.000022 45
0.000017 76
0.000013 38
0.000151 76
0.000014 532
0.000019 152
0.000013 76
0.000010 38
0.000010 38
0.000012 76
0.000012 38
0.000012 76
0.000014 76
0.000012 38
0.000014 76
0.000017 76
0.000012 76
0.000010 38
0.000011 38
0.000181 76
0.000098 722
0.000210 1247
0.000026 197
0.000014 76
0.000012 76
0.000014 76
0.000012 38
0.000010 76
0.000012 76
0.000011 38
0.000012 76
0.000012 38
0.000184 76
0.000016 418
0.000017 152
0.000014 76
0.000011 76
0.000014 76
0.000010 38
0.000014 74
0.000013 40
0.000015 114
0.000013 38
0.000016 76
0.000013 76
0.000013 76
0.000012 38
0.000011 76
0.000335 760
0.000453 1406
0.000016 722
0.000217 760
0.000023 190
0.000013 76
0.000009 38
0.000012 76
0.000011 38
0.000027 152
0.000012 76
0.000021 76
0.000291 570
0.000190 1551
0.000268 798
0.000557 843
0.000290 1748
0.000355 2052
0.000012 485
0.000020 199
0.000014 76
0.000012 76
0.000060 76
0.000192 380
0.000010 373
0.000020 121
0.000015 38
0.000007 38
0.000216 570
0.000054 342
0.000136 228
0.000027 76
0.000019 38
0.000029 38
0.000027 107
0.000035 45
0.000027 76
0.000015 38
0.000101 228
0.000025 76
0.000020 38
0.000276 76
0.000009 411
0.000078 228
0.000020 45
0.000017 38
0.000027 76
0.000009 38
0.000022 38
0.000275 266
0.000117 1064
0.000165 266
0.000010 456
0.000100 494
0.000055 114
0.000248 874
0.000031 152
0.000167 38
0.000010 485
0.000018 123
0.000336 76
0.000049 76
0.000161 38
0.000398 684
0.000020 722
0.000004 38
0.000264 487
0.000018 45
0.000011 76
0.000013 38
0.000053 76
0.000361 950
0.000122 181
0.000168 192
0.000020 7
0.000006 38
0.000117 107
0.000017 7
0.000006 38
0.000123 76
0.000011 38
0.000106 69
0.000119 45
0.000011 304
0.000012 38
0.000398 69
0.000010 228
0.000013 7
0.000008 38
0.000115 76
0.000020 38
0.000048 145
0.000011 7
0.000153 152
0.000013 38
0.000012 38
0.000246 152
0.000056 31
0.000034 7
0.000369 418
0.000158 190
0.000429 380
0.000101 114
0.000166 228
0.000076 107
0.000023 45
0.000048 38
0.000354 456
0.000060 114
0.000060 152
0.000047 143
0.000028 9
0.000138 38
0.000010 152
0.000016 76
0.000319 152
0.000028 304
0.000314 152
0.000138 646
0.000103 532
0.000034 190
0.000035 67
0.000010 9
0.000181 219
0.000081 199
0.000309 760
0.000013 145
0.000161 653
0.000548 418
0.000027 1359
0.000076 503
0.000235 228
0.000660 760
0.000521 905
0.000558 691
0.000047 874
0.000432 1254
0.000010 114
0.000018 152
0.000071 76
0.000234 563
0.000092 304
0.000052 121
0.000821 760
0.000025 1634
0.000179 722
0.000024 150
0.000022 116
0.000967 912
0.000080 1482
0.000421 494
0.000184 684
0.000070 266
0.000085 114
0.000025 76
0.000026 76
0.000068 114
0.000011 38
0.000264 342
0.000025 38
0.000025 114
0.000520 342
0.000016 760
0.000247 981
0.000163 425
0.000437 912
0.000008 38
0.000067 342
0.000155 342
0.000106 145
0.000012 121
0.000009 342
0.001061 1634
0.000253 304
0.000671 259
0.000726 1299
0.000835 912
0.000018 1140
0.000004 190
0.000072 342
0.000023 38
0.000130 38
0.000010 76
0.000056 304
0.000284 38
0.000556 373
0.000372 463
0.000009 188
0.000178 261
0.000009 273
0.000082 76
0.000606 1976
0.000276 979
0.000044 85
0.000026 38
0.000042 38
0.000109 74
0.000046 154
0.000030 38
0.000010 38
0.000105 38
0.000144 145
0.000004 121
0.000331 304
0.000009 295
0.000009 9
0.000300 798
0.000008 228
0.000014 114
0.000133 259
0.000011 45
0.000007 38
0.000007 38
0.000201 304
0.000012 38
0.000006 38
0.000203 646
0.000010 76
0.000052 31
0.000244 425
0.000257 190
0.000576 1444
0.000164 1247
0.000083 273
0.000109 76
0.000052 114
0.000018 152
0.000018 114
0.000010 76
0.000010 38
0.000421 1026
0.000007 304
0.000338 1330
0.000010 342
0.000015 114
0.000025 31
0.000008 7
0.000016 76
0.000271 31
0.000013 152
0.000020 83
0.000252 342
0.000467 1672
0.000048 69
0.000044 83
0.000112 333
0.000100 199
0.000086 76
0.000023 76
0.000004 38
0.000011 38
0.000679 532
0.000020 1368
0.000404 494
0.000320 411
0.000160 463
0.000663 1779
0.000013 988
0.000003 7
0.000142 266
0.000182 418
0.000321 798
0.000135 639
0.000015 45
0.000005 38
0.000005 38
0.000114 259
0.000010 7
0.000006 38
0.000007 38
0.000007 38
0.000007 38
0.000033 74
0.000008 2
0.000008 38
0.000007 38
0.000010 38
0.000069 304
0.000016 38
0.000131 76
0.000082 152
0.001260 2501
0.000049 805
0.000472 646
0.000013 190
0.000197 532
0.000025 114
0.000016 38
0.000013 38
0.000010 38
0.000009 38
0.000008 38
0.000195 38
0.000227 456
0.000017 722
0.000252 570
0.000242 525
0.000009 387
0.000070 342
0.000011 76
0.000007 38
0.000020 38
0.000115 76
0.000126 38
0.000045 228
0.000622 1292
0.000013 418
0.000134 380
0.000231 228
0.000014 380
0.000003 38
0.000436 380
0.000130 190
0.000015 38
0.000008 38
0.000009 38
0.000015 38
0.000011 38
0.000110 69
0.000014 7
0.000047 38
0.000152 221
0.000106 83
0.000221 418
0.000200 221
0.000169 121
0.000124 114
0.000214 38
0.000037 107
0.000142 121
0.000241 494
0.000112 107
0.000490 190
0.000366 190
0.000146 197
0.000014 76
0.000163 152
0.000048 38
0.000169 152
0.000045 152
0.000009 38
0.000138 152
0.000010 76
0.000017 38
0.000008 38
0.000102 380
0.000045 38
0.000449 874
0.001201 684
0.000448 1064
0.000262 1102
0.000163 266
0.000040 114
0.000592 608
0.000397 1330
0.000167 912
0.000289 646
0.000013 266
0.000133 228
0.000372 456
0.000464 608
0.000402 874
0.000103 342
0.000043 76
0.000599 639
0.000362 425
0.000503 411
0.000450 646
0.000116 615
0.000017 114
0.000007 38
0.000007 38
0.000007 38
0.000120 69
0.000012 7
0.000007 38
0.000007 38
0.000009 38
0.000796 190
0.000291 342
0.000015 221
0.000014 45
0.000009 38
0.000160 608
0.000091 190
0.000338 608
0.000009 76
0.000003 107
0.000045 159
0.000012 76
0.000010 38
0.000199 36
0.000064 2
0.000074 38
0.000540 38
0.000088 38
0.000320 31
0.000008 7
0.000129 38
0.000014 76
0.000011 69
0.000202 311
0.000073 38
0.000035 38
0.000183 152
0.001215 684
0.000519 1520
0.000151 829
0.000143 501
0.000084 304
0.000164 107
0.000252 197
0.000013 304
0.000186 342
0.000046 532
0.000279 266
0.000420 145
0.000014 311
0.000354 485
0.000199 541
0.000010 38
0.000244 152
0.000085 228
0.000175 487
0.000211 539
0.000690 342
0.000025 646
0.000202 487
0.000208 501
0.000080 190
0.000291 872
0.000316 838
0.000878 1634
0.000462 1672
0.000028 38
0.000146 494
0.000113 38
0.000060 38
0.000378 228
0.000136 190
0.000033 31
0.000491 425
0.000013 152
0.000133 266
0.000181 259
0.000006 7
0.000095 105
0.000180 273
0.000131 192
0.000193 297
0.000162 190
0.000145 273
0.000157 190
0.000147 342
0.000158 722
0.000513 1254
0.000019 228
0.000203 76
0.000066 342
0.000187 190
0.000023 152
0.000047 38
0.000074 228
0.000063 69
0.000134 7
0.000017 304
0.000072 76
0.000009 38
0.000084 266
0.000059 38
0.000135 418
0.000023 76
0.000051 38
0.000053 36
0.000060 116
0.000005 38
0.000288 76
0.000643 1482
0.000016 152
0.000199 380
0.000038 114
0.000009 31
0.000033 7
0.000057 38
0.000109 114
0.000210 418
0.000050 38
0.000055 38
0.000030 31
0.000165 349
0.000183 532
0.000481 798
0.000194 297
0.000015 121
0.000368 1444
0.000027 190
0.000091 342
0.000174 190
0.000019 38
0.000044 31
0.000012 7
0.000026 38
0.000007 76
0.000294 114
0.000038 31
0.000009 7
0.000131 228
0.000077 69
0.000135 159
0.000218 418
0.000034 38
0.000491 1323
0.000034 235
0.000034 76
0.000035 31
0.000009 7
0.000005 38
0.000143 145
0.000139 121
0.000008 190
0.000122 107
0.000353 1216
0.000044 7
0.000014 31
0.000033 7
0.000034 31
0.000152 349
0.000184 456
0.000521 532
0.000037 297
0.000427 729
0.000154 380
0.000124 38
0.000166 228
0.000310 494
0.000141 38
0.000010 31
0.000086 228
0.000050 121
0.000121 76
0.000139 152
0.163235 1140
0.000321 4095
0.000131 4095
0.002409 4095
0.000128 4095
0.000314 4095
0.000345 4095
0.000032 1460
0.000997 1017
0.000366 729
0.001031 641
0.000539 1907
0.000378 456
0.000448 798
0.000364 494
0.000721 608
0.000032 1216
0.000276 494
0.000015 532
0.000047 38
0.000145 342
0.000273 1171
0.000104 121
0.000012 380
0.000021 190
0.000016 76
0.000017 114
0.000247 1216
0.000022 114
0.000017 76
0.000015 76
0.000046 38
0.000202 912
0.000022 152
0.000212 532
0.000022 152
0.000140 76
0.000011 114
0.000177 836
0.000009 38
0.000026 76
0.000015 76
0.000017 76
0.000165 342
0.000008 38
0.000188 760
0.000022 152
0.000018 114
0.000019 76
0.000004 38
0.000013 38
0.000015 76
0.000018 76
0.000014 76
0.000017 107
0.000003 7
0.000012 38
0.000019 76
0.000158 76
0.000011 304
0.000019 76
0.000016 76
0.000193 190
0.000486 798
0.000013 145
0.000283 653
0.000041 228
0.000025 107
0.000048 83
0.000010 38
0.000154 266
0.000017 76
0.000013 76
0.000015 38
0.000042 114
0.000165 228
0.000022 114
0.000034 38
0.000025 114
0.000020 76
0.000031 38
0.000009 38
0.000187 342
0.000021 76
0.000033 76
0.000024 114
0.000019 107
0.000034 7
0.000143 183
0.000472 83
0.000055 760
0.000010 114
0.000170 684
0.000061 304
0.000018 114
0.000045 76
0.000161 456
0.000035 107
0.000156 121
0.000013 76
0.000008 38
0.000008 38
0.000008 38
0.000007 38
0.000008 38
0.000008 38
0.000009 38
0.000007 38
0.000008 38
0.000008 38
0.000008 38
0.000009 38
0.000009 38
0.000007 38
0.000008 38
0.000008 38
0.000163 38
0.000012 342
0.000013 114
0.000008 38
0.000010 38
0.000008 38
0.000132 38
0.000009 380
0.000011 38
0.000701 150
0.000367 2
0.000404 38
0.000094 380
0.000016 152
0.000008 38
0.000007 38
0.000007 38
0.000007 38
0.000011 38
0.000007 38
0.000007 38
0.000007 31
0.000006 7
0.000008 38
0.000007 38
0.000006 38
0.000007 31
0.000006 7
0.000007 38
0.000009 38
0.000007 38
0.000006 38
0.000184 494
0.000010 114
0.000006 38
0.000007 38
0.000007 31
0.000006 7
0.000007 38
0.000007 38
0.000006 31
0.000006 7
0.000007 38
0.000007 38
0.000007 38
0.000118 304
0.000011 114
0.000007 38
0.000008 38
0.000010 38
0.000008 38
0.000008 38
0.000009 38
0.000020 38
0.000967 2242
0.000053 874
0.000248 107
0.000010 76
0.000011 7
0.000008 38
0.000008 38
0.000009 38
0.000008 38
0.000057 76
0.000247 608
0.000012 38
0.000025 114
0.000159 190
0.000011 76
0.000008 38
0.000006 38
0.000009 38
0.000007 31
0.000125 7
0.000192 228
0.000293 1216
0.000078 342
0.000151 380
0.000023 114
0.000020 107
0.000016 83
0.000004 38
0.000046 38
0.000020 76
0.000011 38
0.000019 76
0.000016 76
0.000019 114
0.000019 76
0.000005 38
0.000200 684
0.000293 418
0.000131 114
0.000014 380
0.000405 190
0.000014 494
0.000063 304
0.000014 114
0.000019 76
0.000006 38
0.000010 38
0.000078 190
0.000017 38
0.000043 114
0.000027 114
0.000018 114
0.000191 532
0.000356 950
0.000068 342
0.000125 114
0.000029 342
0.000304 266
0.000008 342
0.000051 266
0.000014 114
0.000016 38
0.000048 107
0.000282 805
0.000053 304
0.000013 76
0.000009 38
0.000014 38
0.000015 76
0.000012 69
0.000020 83
0.000018 76
0.000016 76
0.000013 38
0.000139 152
0.000015 76
0.000362 684
0.000071 456
0.000014 76
0.000009 69
0.000009 38
0.000008 7
0.000007 38
0.000143 38
0.000013 380
0.000012 114
0.000009 38
0.000008 38
0.000008 38
0.000008 38
0.000008 38
0.000008 38
0.000007 38
0.000009 38
0.000008 38
0.000008 38
0.000008 38
0.000008 38
0.000011 38
0.000006 38
0.000195 297
0.000013 45
0.000008 38
0.000009 38
0.000008 38
0.000010 38
0.000009 76
0.000041 38
0.000016 38
0.000011 38
0.001016 3299
0.000202 577
0.000382 411
0.000011 349
0.000105 152
0.000142 76
0.000123 297
0.000016 38
0.000013 38
0.000012 45
0.000012 38
0.000010 38
0.000145 38
0.000010 152
0.000015 76
0.000011 38
0.000271 418
0.000010 114
0.000052 190
0.000130 38
0.000158 76
0.000013 152
0.000013 38
0.000010 38
0.000010 38
0.000015 76
0.000314 228
0.000300 760
0.000452 1026
0.000215 228
0.000056 304
0.000625 1406
0.000293 1437
0.000273 767
0.000166 563
0.000339 501
0.000022 988
0.000246 722
0.000218 570
0.000156 525
0.000092 311
0.000289 114
0.000122 266
0.000306 722
0.000018 456
0.000124 449
0.000155 501
0.000331 760
0.000036 304
0.000207 646
0.000055 190
0.001008 760
0.000055 1482
0.000446 675
0.000355 420
0.000180 615
0.001147 836
0.000619 1786
0.000277 1171
0.000180 425
0.000387 722
0.000043 418
0.000176 114
0.000282 608
0.000033 228
0.000197 342
0.000009 38
0.000143 152
0.000029 152
0.000363 1017
0.000018 161
0.000034 38
0.000495 874
0.000014 798
0.000601 1140
0.000028 69
0.000150 387
0.000013 114
0.000008 38
0.000008 38
0.000008 38
0.000009 38
0.000008 38
0.000010 38
0.000007 38
0.000008 38
0.000008 38
0.000008 38
0.000007 38
0.000009 38
0.000007 38
0.000008 38
0.000007 38
0.000008 38
0.000008 38
0.000011 38
0.000006 38
0.000006 38
0.000152 418
0.000005 38
0.000134 114
0.000014 373
0.000160 121
0.000176 601
0.000014 45
0.000008 38
0.000032 38
0.000349 791
0.000019 7
0.000199 380
0.000009 38
0.000292 905
0.000149 387
0.000034 114
0.000508 570
0.000015 570
0.000164 152
0.000131 570
0.000060 266
0.000015 114
0.000009 38
0.000007 38
0.000013 38
0.000031 38
0.000346 715
0.000419 463
0.000012 342
0.000108 76
0.000016 38
0.000008 38
0.000011 38
0.000333 304
0.000038 570
0.000019 38
0.000304 342
0.000165 639
0.000015 7
0.000008 38
0.000008 38
0.000008 38
0.000008 38
0.000009 38
0.000008 38
0.000182 221
0.000019 45
0.000168 259
0.000009 7
0.000003 38
0.000107 228
0.000037 107
0.000011 7
0.000256 190
0.000061 228
0.000011 76
0.000009 38
0.000008 38
0.000008 38
0.000008 38
0.000233 608
0.000357 114
0.000018 532
0.000197 532
0.000154 494
0.000041 76
0.000268 715
0.000019 83
0.000181 183
0.000012 45
0.000304 380
0.000013 38
0.000008 38
0.000008 38
0.000011 38
0.000008 38
0.000009 38
0.000011 38
0.000012 38
0.000146 418
0.000402 1064
0.000009 646
0.000425 1254
0.000009 532
0.000014 114
0.000009 38
0.000010 76
0.000144 38
0.000014 342
0.000013 152
0.000010 76
0.000108 69
0.000008 159
0.000318 798
0.000008 114
0.000015 114
0.000734 2128
0.000657 2841
0.000081 1368
0.000036 2
0.000168 387
0.000029 31
0.000538 1831
0.000015 152
0.000145 304
0.000149 760
0.000327 1140
0.000786 487
0.000442 1489
0.000127 1064
0.000072 259
0.000012 45
0.000010 76
0.000009 38
0.000010 38
0.000016 76
0.000136 38
0.000012 342
0.000139 380
0.000007 380
0.000169 342
0.000229 836
0.000042 112
0.000005 2
0.000014 38
0.000008 38
0.000009 38
0.000013 76
0.000160 38
0.000012 418
0.000011 76
0.000009 38
0.000034 38
0.000175 494
0.000030 190
0.000008 38
0.000009 38
0.000008 38
0.000008 38
0.000009 38
0.000008 38
0.000009 38
0.000010 38
0.000009 38
0.000157 456
0.000121 76
0.000149 646
0.000320 525
0.000566 1147
0.000607 1133
0.000149 767
0.000005 760
0.000352 335
0.000010 425
0.000011 107
0.000006 7
0.000007 38
0.000009 38
0.000135 107
0.000011 7
0.000007 38
0.000185 418
0.000011 107
0.000006 7
0.000007 38
0.000375 1330
0.000205 228
0.000013 76
0.000513 1330
0.000425 1026
0.000013 266
0.000015 152
0.000009 38
0.000008 38
0.000742 1444
0.000082 874
0.000270 38
0.000185 532
0.000139 228
0.000707 1406
0.000016 494
0.000243 380
0.000257 950
0.000062 31
0.000010 197
0.000271 943
0.001019 2363
0.000073 1216
0.000714 494
0.000123 988
0.000014 114
0.000007 38
0.000007 38
0.000010 38
0.000115 266
0.000011 76
0.000007 38
0.000007 31
0.000006 7
0.000006 38
0.000038 38
0.000632 1140
0.000554 1482
0.000150 912
0.000017 114
0.000010 38
0.000009 38
0.000116 145
0.004517 6125
0.001505 4095
0.000984 3391
0.000575 1368
0.000495 1475
0.000689 501
0.000076 380
0.000539 38
0.000028 38
0.000309 107
0.001276 1071
0.000248 798
0.000583 1026
0.000346 219
0.000572 199
0.000351 1406
0.000213 418
0.000996 1216
0.000533 791
0.000675 425
0.000398 1596
0.000054 380
0.000527 1102
0.000465 722
0.000255 1140
0.000502 373
0.000011 273
0.000232 342
0.000333 380
0.000374 677
0.000376 197
0.001204 874
0.000162 1330
0.000565 715
0.000168 1033
0.000036 114
0.000176 456
0.000267 152
0.000135 38
0.000745 722
0.000024 1254
0.000382 988
0.000008 152
0.000020 114
0.000024 114
0.000173 76
0.000008 190
0.000013 107
0.000129 45
0.000062 418
0.000613 221
0.000065 7
0.000495 114
0.000230 259
0.000045 121
0.000282 380
0.000010 190
0.000146 152
0.000008 114
0.000024 152
0.000014 76
0.000155 266
0.000023 114
0.000034 38
0.000381 114
0.000504 798
0.000419 494
0.000378 798
0.000020 570
0.000230 494
0.000552 646
0.000318 988
0.000198 494
0.000132 677
0.000231 45
0.000011 411
0.000135 425
0.000009 297
0.000014 83
0.000005 38
0.000177 342
0.000013 76
0.000008 38
0.000008 38
0.000007 38
0.000211 646
0.000010 107
0.000007 7
0.000006 38
0.000009 38
0.000177 266
0.000218 266
0.000082 418
0.000023 114
0.000017 114
0.000766 532
0.000447 1701
0.000137 693
0.000090 228
0.000493 912
0.000292 639
0.000016 197
0.000562 753
0.000014 228
0.000266 418
0.000021 83
0.000204 190
0.000204 76
0.000054 532
0.000408 114
0.000145 342
0.000429 494
0.000224 874
0.000043 380
0.000253 266
0.000483 912
0.000016 449
0.000159 273
0.000065 266
0.000014 114
0.000011 38
0.000015 69
0.000147 463
0.000060 304
0.000141 114
0.000020 304
0.000346 76
0.000191 1019
0.000027 83
0.000062 266
0.000156 114
0.000008 152
0.000057 297
0.000021 83
0.000279 494
0.000241 494
0.000189 38
0.000011 190
0.000423 760
0.000478 1133
0.000080 38
0.000066 7
0.000743 152
0.000220 532
0.000065 304
0.000019 114
0.000047 114
0.000189 304
0.000036 38
0.000010 38
0.000253 304
0.000007 266
0.000054 259
0.000018 83
0.000486 114
0.000056 874
0.000409 494
0.000105 418
0.000271 107
0.000034 83
0.000844 1026
0.000223 1169
0.000034 921
0.000479 304
0.000120 561
0.000013 9
0.000006 38
0.000008 38
0.000195 221
0.000022 83
0.000039 38
0.000483 570
0.000014 874
0.000034 114
0.000015 38
0.000206 183
0.000008 311
0.000011 38
0.000154 190
0.000264 418
0.000054 114
0.000227 380
0.000108 304
0.000463 69
0.000471 387
0.000245 677
0.000153 273
0.000297 646
0.000409 380
0.000057 608
0.000200 76
0.000009 342
0.000046 38
0.000162 228
0.000213 38
0.000342 722
0.000270 646
0.000361 646
0.000035 418
0.000290 494
0.000016 684
0.000005 38
0.000139 418
0.000011 38
0.000006 38
0.000004 38
0.000453 38
0.000212 950
0.000047 266
0.001380 36
0.000042 2
0.000531 31
0.000174 304
0.000201 577
0.000430 456
0.000011 456
0.000016 190
0.000125 107
0.000110 7
0.000011 266
0.000004 38
0.000011 38
0.000353 722
0.000011 304
0.000245 532
0.000293 760
0.000963 798
0.000273 1558
0.000260 456
0.000240 342
0.000109 266
0.000105 76
0.000107 76
0.000007 38
0.000106 76
0.000007 38
0.000217 76
0.000229 418
0.000034 228
0.000589 532
0.000612 1247
0.000197 796
0.000196 427
0.000211 418
0.000193 456
0.000675 456
0.000200 1095
0.000205 501
0.000231 456
0.000198 456
0.000194 456
0.000197 456
0.000197 487
0.000506 349
0.000024 798
0.000217 798
0.000191 456
0.000217 487
0.148598 456
0.000665 4095
0.001096 4095
0.001968 4095
0.003389 4095
0.001189 4095
0.000577 4095
0.000961 4095
0.000758 4095
0.001065 3043
0.000413 1855
0.000580 767
0.000192 1133
0.000245 653
0.000224 532
0.000469 342
0.003435 5001
0.001417 6019
0.001437 2736
0.000239 2012
0.000068 2
0.001035 2
0.002599 83
1.172869 13
0.314196 8
1.074502 1
0.179382 1
0.192660 1
0.696673 11
0.893904 7
0.149763 11
0.006761 41
3.216686 1
0.197243 1
0.671798 2
0.000828 20
0.002854 83
2.201663 13
0.401408 8
1.213175 1
0.140459 1
0.151382 1
0.919959 11
0.861719 7
0.141190 11
0.007624 39
0.000772 45
0.001252 7
0.001723 83
117.611312 13
1.035312 8
0.224284 8
0.235041 8
0.173235 8
0.208082 9
0.207604 36
0.241924 8
0.575499 10
0.383020 7
0.271962 11
0.338106 7
0.232454 8
0.221393 9
0.244929 69
1.249969 1
0.153780 1
0.140631 1
0.543989 11
0.170266 7
0.384336 11
1.924006 139
4.332528 2
1.321613 83
0.886585 18
0.368196 35
1.115227 8
0.257006 8
0.224901 8
0.182419 8
0.163618 9
0.176903 36
0.188482 8
0.614884 8
0.423165 1
0.293981 1
0.183896 1
0.416585 11
0.419847 7
0.156761 7
0.224592 11
0.007724 83
2.364017 1
0.398039 1
0.864722 1
0.221127 7
1.150380 1
0.181565 1
0.295506 4
4.240245 1
0.151425 1
0.121834 1
0.202193 1
0.161123 1
0.580162 11
0.009568 101
0.002936 83
30.916028 20
0.197846 43
0.626733 69
0.944696 1
0.155977 1
0.145668 1
0.519647 11
0.445616 7
0.495329 11
1.272887 86
1.292219 2
0.303885 83
10.271612 18
0.296656 38
0.501730 43
0.776218 1
0.176215 1
0.159791 1
0.682877 11
0.139831 7
0.341737 11
0.006026 83
1.222253 23
0.590297 69
0.327687 38
0.654284 1
0.133785 1
0.154279 1
0.138182 1
0.348585 3
0.136408 3
0.229301 3
0.181368 3
11.219947 1
0.208414 1
0.120913 1
0.133801 1
0.139478 1
0.090199 1
0.109630 1
0.301377 1
0.152313 1
0.760669 5
1.255579 5
1.097446 3
0.156779 3
0.163478 3
0.407390 3
0.829320 5
0.140357 5
0.376643 2
0.000035 9
0.009148 12
0.000708 83
36.496508 46
0.817810 154
0.000425 83
4.159971 17
0.595844 27
0.011267 93
5.497681 1
0.079780 1
0.222842 1
0.724343 1
0.180879 1
0.167227 11
0.000677 83
1.312178 1
0.162383 1
0.522266 1
0.141628 1
0.115396 11
0.000034 6
