0.050731 84
2.641794 4
0.234888 31
0.202634 40
0.231901 19
0.100106 40
0.241244 22
0.392170 36
1.273964 10
0.471908 11
0.009971 75
0.001781 56
0.001659 447
0.000122 17
4.955063 6
0.000168 7
0.000181 21
0.001319 18
0.133777 6
0.000070 13
0.173413 6
0.000790 13
0.255480 6
0.000068 12
0.000322 1
0.369017 6
0.000066 12
0.000340 1
0.125069 6
0.000064 13
0.148523 6
0.000328 13
0.831544 6
0.000070 13
0.398460 6
0.000499 17
0.530391 19
0.176234 6
0.000129 13
0.196032 19
0.400731 6
0.000222 13
0.640122 6
0.000103 13
0.094504 19
0.223601 6
0.000023 13
1.040178 21
0.171229 6
0.000308 15
0.703578 6
0.000043 13
0.108074 6
0.000308 25
7.507926 6
0.000536 82
1.245081 6
0.000450 18
0.735933 6
0.000077 377
0.612838 6
0.002156 1
0.000592 37
0.004726 406
1.159430 6
0.000771 65
0.002127 84
1.243016 18
1.425945 1
0.480178 1
0.348065 1
0.221689 1
0.635611 13
0.908653 9
0.165939 11
0.010686 75
0.001415 56
0.001578 447
0.001323 17
6.405566 6
0.000483 39
0.002391 97
1.583911 6
0.000093 8
0.000167 369
0.896203 6
0.000474 38
0.006399 405
0.429340 63
0.000110 8
0.001733 84
2.842014 1
0.110554 1
0.301245 1
0.104460 1
0.663295 1
0.151007 8
0.435473 11
0.008387 42
0.001629 84
1.212081 12
0.893868 1
0.188157 5
0.342932 11
0.008601 75
0.000974 8
0.000065 76
4.770102 1
0.070967 1
0.269081 1
0.178128 1
0.839053 11
1.578421 84
20.338355 46
1.539200 85
0.008109 84
7.293711 30
0.826571 53
0.005917 75
0.002306 84
7.255566 80
10.035796 45
0.455724 83
0.032895 84
5.068469 25
0.428976 43
0.008338 122
0.000316 8
0.000078 76
12.695284 47
0.470150 158
0.005633 84
2.638200 38
0.457804 130
0.469961 52
0.417932 100
0.345203 30
1.737547 36
0.510790 14
0.875842 11
0.006652 75
0.000885 84
7.976394 33
0.694627 149
0.007404 137
0.001677 84
24.171729 29
0.760911 145
8.471892 91
2.190254 2
0.967103 84
6.174076 29
0.559959 145
0.006352 57
0.001151 84
8.896976 27
0.516198 143
0.004815 93
0.000972 84
18.204446 52
0.680526 168
8.970994 165
4.022574 84
6.101238 28
0.670531 144
0.008386 57
0.000820 84
4.209642 23
0.510270 39
0.010583 249
13.397269 29
0.590768 145
0.004097 75
0.000598 84
5.324325 31
0.566874 147
0.005891 75
0.002345 84
9.153013 52
0.560138 89
0.006672 75
0.001441 84
9.122328 78
0.587068 197
0.011025 84
4.706455 50
0.450532 161
0.009157 125
0.001941 84
4.428237 34
0.436989 61
0.007644 75
0.000664 84
21.937010 26
0.649628 142
0.005631 84
3.801960 1
10.221652 4
0.262908 1
9.245609 37
0.692515 153
0.009616 84
15.982530 43
1.583710 159
0.008954 84
31.700171 31
0.411433 11
0.008118 84
2.602539 1
0.101920 1
0.174880 1
0.515848 1
0.181617 1
0.086078 11
0.000653 74
0.270599 1
0.106728 1
0.196494 1
0.249419 1
0.190689 1
0.140130 11
0.000387 82
2.905128 1
0.096290 1
0.126762 1
0.473157 1
0.423552 5
0.335740 11
0.000782 74
1.471069 9
0.569698 12
0.403849 36
2.381709 11
0.005855 57
0.000404 74
0.923370 31
0.268683 43
0.407714 12
0.316196 36
0.543125 60
0.464256 44
0.735057 11
0.010159 74
0.553310 14
0.282503 45
0.612659 43
0.421626 12
0.339560 36
0.493558 60
1.127222 11
0.011249 74
2.075168 25
3.021715 44
0.788528 45
0.967430 11
0.007710 200
0.000920 74
14.897357 34
0.522633 61
0.007148 129
0.002063 74
20.361484 54
0.635164 150
0.018964 71
0.000864 74
13.978964 1
0.090504 1
0.181118 1
0.137706 1
0.174231 1
0.182486 11
0.000458 82
0.989218 5
0.377186 50
2.527222 11
0.006913 71
0.000300 82
1.150058 1
0.085497 1
0.312910 1
0.233509 1
0.318919 1
0.444582 11
0.000574 74
0.533808 5
0.357669 50
0.782279 11
0.005486 71
0.000727 74
1.575131 45
0.355924 102
7.200898 4
0.167176 4
0.562991 1
0.425004 224
0.000162 143
6.599004 48
0.622231 102
0.591519 50
0.731699 11
0.006065 71
0.001012 74
2.861384 45
0.392112 100
3.063513 1
0.242907 4
0.362004 11
0.001144 82
0.792939 1
0.121739 1
0.191281 1
0.182740 1
0.097106 1
0.254128 1
0.481333 3
0.234800 85
5.566889 1
0.121830 1
0.383598 1
1.655520 1
0.368941 1
0.207761 1
1.581368 1
0.751517 1
0.252473 1
0.197935 1
0.150486 1
0.179325 1
0.600218 11
5.660068 94
2.426264 74
3.380836 12
0.363097 1
0.233620 1
0.142756 1
0.151785 1
0.112190 1
0.133651 1
0.142080 1
0.554583 19
0.813430 11
0.007677 94
0.001828 74
13.066271 32
0.523608 57
0.006271 24
0.000847 74
7.599349 32
0.413564 57
0.008404 18
0.000681 74
15.291095 48
0.428726 149
0.286428 22
0.089940 74
3.547340 36
0.297222 1
0.508955 1
0.028026 1
0.030896 1
0.030145 1
0.030055 1
0.031585 1
0.029580 1
0.029862 1
0.029702 1
0.030650 1
0.031885 1
0.034112 1
0.041645 1
0.034060 1
0.027308 1
0.031347 1
0.035560 1
0.030278 1
0.032498 1
0.030653 1
0.028230 1
0.030564 1
0.032977 1
0.030541 1
0.030016 1
0.030919 1
0.030167 1
0.034759 1
0.025944 1
0.030960 1
0.029629 1
0.329982 1
0.211782 1
0.262451 5
0.183174 5
0.149198 1
0.597343 11
9.691131 73
0.000193 25
4.752330 2
1.453886 74
374.115679 1
0.100769 1
0.217338 1
0.123954 1
0.321881 246
6.643772 1
0.157335 8
0.407575 11
0.000196 92
3.966396 1
0.959945 4
0.175466 1
0.107853 1
0.088289 1
0.496756 1
0.139277 1
1.292189 4
0.192059 4
0.627795 1
0.131600 1
0.584502 1
0.150678 1
1.190898 23
2.203395 31
0.683549 11
5.431314 244
2.798759 2
5.740877 39
5.396406 92
3.183570 2
0.000018 53
0.301160 27
0.046335 94
1.697716 49
2.724025 163
0.508991 1
0.029773 1
0.031355 1
0.029630 1
0.030905 1
0.031919 1
0.028472 1
0.030533 1
0.039415 1
0.031871 1
0.029062 1
0.031059 1
0.029113 1
0.031008 1
0.033352 1
0.026881 1
0.031356 1
0.029360 1
0.029776 1
0.036588 1
0.032805 1
0.030629 1
0.027811 1
0.030694 1
0.032195 1
0.029660 1
0.027915 1
0.032617 1
0.029649 1
0.030561 1
0.028204 1
0.030198 1
0.030971 1
0.029723 1
0.030773 1
0.174082 1
0.350036 5
0.186979 5
0.170849 1
0.127023 1
0.512063 12
0.008963 211
0.001578 92
27.621947 45
0.850993 83
0.006564 28
0.001307 92
10.537191 36
0.647812 65
0.008886 72
0.001377 92
18.643313 2
0.001616 48
1.739955 4
0.515077 4
0.028889 4
0.037075 4
0.031779 4
0.030204 4
0.031303 4
0.030631 4
0.029384 4
0.028391 4
0.030838 4
0.029629 4
0.030364 4
0.031090 4
0.030672 4
0.030251 4
0.029543 4
0.030238 4
0.028934 4
0.031115 4
0.030066 4
0.030547 4
0.031179 4
0.029768 4
0.030220 4
0.038678 4
0.030042 4
0.030723 4
0.030491 4
0.031952 4
0.028252 4
0.030866 4
0.030815 4
0.029825 4
0.031754 4
0.038184 4
0.026124 4
0.030526 4
0.029990 4
0.030395 4
0.030008 4
0.033565 4
0.028179 4
0.030058 4
0.030369 4
0.029640 5
0.031745 1
0.031470 1
0.029742 1
0.029118 1
0.030888 1
0.032155 1
0.029550 1
0.027957 1
0.032107 1
1.171611 50
0.571673 91
0.009545 36
0.001642 92
6.218066 52
0.805185 175
0.006594 285
0.001125 92
13.206407 44
0.741383 81
0.007956 301
0.001305 92
7.347034 49
0.707831 91
0.005071 105
0.001274 92
19.858281 82
0.712453 154
0.007232 9
0.000602 8
0.000186 84
10.445058 54
1.250508 93
0.011287 40
0.000964 92
29.658000 53
0.857200 93
0.006337 32
0.000656 92
43.795656 52
1.250288 91
0.007569 32
0.001818 92
6.423958 43
0.426342 1
0.527777 1
0.029610 1
0.030193 1
0.030210 1
0.030202 1
0.030264 1
0.038996 1
0.030475 1
0.030067 1
0.030681 1
0.031327 1
0.031677 1
0.028489 1
0.030182 1
0.029886 1
0.031277 1
0.029882 1
0.040200 1
0.031708 1
0.029292 1
0.030599 1
0.029374 1
0.030419 1
0.179959 1
0.164133 1
0.138257 1
0.174710 1
0.787154 5
0.400548 2
0.000171 9
0.008198 253
0.001219 92
21.543614 1
0.105196 1
0.292624 1
0.142564 1
0.670824 1
0.120017 1
0.465557 21
0.909736 35
4.514973 65
6.276979 2
0.918847 95
4.955031 92
3.249581 11
0.000148 92
5.466763 87
0.963042 159
0.009491 92
23.628830 1
0.140427 1
0.742732 1
0.176955 1
0.197010 11
0.000014 6
